491.529 360.157
494.5 358.843
497.433 358.667
500.583 359.667
503.533 359.667
506.5 359
509.5 360.155
512.533 359.667
515.5 359.333
518.5 359.321
521.5 359.344
524.426 359.167
560.538 358.654
563.462 358.654
566.5 358.5
569.5 358.679
572.534 358.845
575.462 358.654
578.5 358.5
581.569 358.5
584.38 358.42
620.538 358.654
623.536 358.679
626.537 358.833
629.5 359.167
632.5 359
635.5 359
638.5 359
641.5 358.679
644.466 358.845
680.543 359.152
683.534 358.5
686.5 358.5
689.532 358.823
692.5 359
695.466 358.5
698.5 358.321
701.536 358.679
704.462 358.654
740.636 358.636
743.5 358.5
746.5 358.5
749.5 358.5
752.5 358.5
755.462 358.346
758.5 358.346
761.5 358.321
764.5 358.346
800.595 358.833
803.46 358.82
806.46 358.82
809.54 358.82
812.5 359
815.5 358.82
818.455 359.318
821.457 358.848
824.55 358.65
836.676 358.206
839.5 358.654
842.462 358.654
845.5 359
848.5 359
851.462 359.654
854.42 359.5
857.545 359.682
860.5 359.833
863.455 359.682
866.5 360
