491.531 363.656
494.5 363.5
497.429 363
500.543 363.5
503.5 364.346
506.5 365
509.46 364.5
512.462 363.654
515.537 363.833
518.466 363.155
521.468 363.177
524.5 363.167
560.605 362.5
563.458 362.042
566.5 362.5
569.574 362.5
572.5 363
575.5 362.5
578.538 362.346
581.5 362.5
584.54 362.5
586.7 363.1
620.75 363.05
623.5 362.833
626.466 362.845
629.464 363
632.537 363.167
635.468 362.823
638.5 363
641.46 362.82
644.5 362.5
647.125 363.25
680.75 362.8
683.5 362.5
686.5 362.855
689.435 362.5
692.433 362.667
695.5 362.321
698.565 362.5
701.534 362.155
704.5 362.679
706.967 362.767
741.038 362.269
743.58 362.5
746.46 362.5
749.542 362.667
752.54 362.18
755.5 362.5
758.462 362.346
761.538 362.654
764.46 362.18
767 362.625
800.962 363.5
803.545 363.318
806.5 363
809.5 363
812.5 363.333
815.457 363.5
818.5 363.5
821.5 363.167
824.543 363.152
827.324 363.794
839.7 363.1
842.455 363.318
845.457 363.152
848.543 363.848
851.5 364
854.357 364.119
857.452 364.452
860.545 364.682
863.5 364.5
866.5 364.5
