353.452 297.833
356.457 297.848
359.5 298.5
362.618 297.912
365.5 298.5
368.545 298.318
371.441 297.853
374.5 299
380.409 298.864
383.5 299.5
386.583 300.083
389.367 300.167
392.562 300.312
395.441 300.147
432.1 303
434.6 303
437.553 302.816
440.55 303.35
443.5 303.5
446.553 303.816
449.5 304.184
452.553 304.184
455.346 304.5
488.773 306.409
491.55 307
494.45 307
497.553 307.184
500.5 307.682
503.543 307.848
506.457 308.152
509.455 308.318
512.375 308
548.643 311
551.553 311.184
554.5 311.333
557.441 311.853
560.559 311.853
563.5 312
566.5 312
569.438 312.312
605.786 315.357
608.562 315.688
611.55 315.65
614.5 316
617.5 316
620.5 316
623.611 316.333
626.452 316.833
629.25 316.583
665.5 320.5
668.5 320.5
671.45 320.65
674.543 320.848
677.55 321.35
680.45 321.65
683.447 321.816
686.5 322.375
701.688 323.375
704.5 323.654
707.54 324.18
710.5 324.333
713.5 325
716.548 325.548
719.5 326
722.5 326
725.5 326
728.457 326.5
