353.449 300.167
356.551 300.833
359.523 300.174
362.5 300.5
365.5 300.5
368.5 301.176
371.5 300.833
374.467 301.667
377.5 302
380.435 302.5
383.466 302.845
386.469 303
389.468 302.823
392.468 302.823
395.466 302.845
398.5 303
400.864 302.682
431.538 305
434.531 305.344
437.5 305.5
440.5 305.833
443.5 306.353
446.529 306.157
449.471 306.324
452.5 306.656
455.469 306.656
458.038 306.577
488.591 309
491.561 309.53
494.5 309.5
497.557 309.5
500.5 310
503.529 310.324
506.471 310.157
509.5 310.676
512.469 310.656
515.318 310.318
545.75 313.15
548.565 313.21
551.5 313.5
554.529 313.676
557.471 314
560.439 313.833
563.529 314.157
566.5 314.5
569.5 315
572.389 314.796
605.533 317.667
608.529 317.843
611.527 317.824
614.471 318.157
617.529 318.324
620.5 318.5
623.473 319.176
626.5 319.324
629.5 319.177
632.273 319.591
662.615 322.308
665.531 322.344
668.529 322.324
671.474 322.658
674.5 323
677.5 323.5
680.5 323.833
683.475 324.325
686.474 324.658
689.441 325.294
692.079 326.079
698.889 326.889
701.561 326.833
704.525 326.35
707.524 326.667
710.477 326.659
713.5 327.333
716.5 328
719.5 328.16
722.5 328.021
725.5 327.5
728.52 327.66
