415.5 325.173
418.521 325.117
421.478 324.674
424.477 324.174
427.452 324.333
430.474 324.658
433.473 324.176
436.5 324.5
439.525 324.325
442.5 323.5
445.5 323
448.5 322.5
451.5 322.5
454.5 322
457.318 321.318
484.9 319.9
487.5 319.848
490.5 319.5
493.455 319.318
496.5 319.318
499.395 319.5
502.447 319.184
505.5 319.5
508.433 319.167
511.2 318.9
514.812 315.938
517.5 313.855
520.531 313.656
523.5 313.5
526.5 313.5
529.527 312.824
532.5 312.5
535.474 311.658
538.5 312
541.5 312.5
544.357 312.321
574.74 309.7
577.528 308.639
580.526 308.342
583.524 308.159
586.449 308.167
589.5 307
592.476 306.841
595.525 306.675
598.5 307
601.467 306.967
603.955 306.773
631.967 302.9
634.536 303.321
637.527 303.176
640.474 302.658
643.472 302.667
646.579 302.684
649.527 301.824
652.473 301.824
655.473 301.824
658.412 301.647
661.37 301.196
691.648 298.5
694.583 298.639
697.527 298.176
700.526 297.833
703.526 297.342
706.5 296.826
709.5 297.159
712.524 297.333
715.472 296.667
718.389 296.204
748.711 293.868
751.574 293.167
754.532 292.823
757.529 292.324
760.549 292.134
763.5 291.325
766.55 291.65
769.524 291.841
772.5 291.841
775.543 291.138
778.522 290.978
781.478 291
784.544 291.122
787.457 290
790.543 290
