415.466 322.144
418.5 322.167
421.518 321.155
424.536 321.136
427.48 320.66
430.455 321.636
433.433 321.144
436.474 321.342
439.524 321.159
442.473 320.824
445.5 320.5
448.5 320.167
451.5 319.5
454.468 319.177
457.409 319
469.808 314.808
472.611 314.056
475.457 313.848
478.54 313.82
481.5 313.654
484.457 314.152
487.278 316
490.571 317.357
514.75 311.7
517.559 311.294
520.525 310.675
523.5 310
526.524 310.159
529.476 309.841
532.524 309.159
535.5 309.325
538.5 308.675
541.474 308.658
544.385 309.308
574.643 305.929
577.524 305.159
580.522 304.674
583.542 303.979
586.5 304
589.5 303.5
592.479 303.84
595.5 303.5
598.452 303.667
601.471 303.157
604.111 303.444
631.717 300.326
634.611 299.611
637.5 299.159
640.523 298.826
643.478 299.189
646.477 298.659
649.476 298.159
652.476 297.667
655.5 298
658.473 297.176
661.46 297.18
688.786 293.929
691.532 294.177
694.526 294.5
697.524 294.333
700.45 294.7
703.524 294.333
706.5 293.841
709.5 294
712.452 294.024
715.525 293.675
718.438 293
721 292.8
748.711 290.658
751.672 289.466
754.526 288.658
757.523 288.318
760.5 287.827
763.52 288.167
766.519 287.5
769.536 287.5
772.5 286.661
775.518 286.661
778.534 286.178
781.448 285.983
784.445 285.518
787.534 285.178
790.482 285.339
