477.529 357.676
480.5 357.676
483.531 357.312
486.5 357.5
489.468 357.177
492.466 356.845
495.469 356.344
497.929 355.929
529.088 356.206
531.567 356.333
534.567 355.967
537.468 355.5
540.5 355.845
543.466 355.845
546.467 355.667
549.429 356
552.5 355.833
554.885 356.808
588.833 356.3
591.577 356
594.536 356
597.5 356
600.5 355.845
603.5 355.654
606.534 355.845
609.5 356.155
612.426 355.833
614.917 356.5
648.938 356.312
651.5 356
654.534 355.845
657.5 356
660.5 355.823
663.466 356.155
666.531 355.656
669.5 356
672.462 356.346
675.125 357.062
708.605 355.5
711.466 355.155
714.5 356
717.466 355.155
720.569 355.5
723.5 355.5
726.5 355.5
729.5 355.5
732.537 355.167
734.962 355.962
769.227 355.136
771.5 355.18
774.5 355.5
777.46 355.18
780.543 355.152
783.462 355.346
786.583 355.667
789.5 356
792.457 355.848
794.917 355.5
831.571 355.643
834.611 355.333
837.5 355
840.462 355.654
843.5 356
846.462 356
849.5 356
852.5 357
