353.5 290
356.5 290.5
359.5 290.667
362.45 291
365.474 291
368.5 291
371.469 290.656
373.917 290.917
401.63 293.457
404.5 293.5
407.5 293.833
410.5 293.676
413.5 294
416.531 294.344
419.5 295
422.5 294.5
425.433 294.667
428.147 294.794
461.553 296.816
464.5 297.5
467.324 296.794
470.5 296.773
485.864 300.773
488.595 301.833
491.5 301.5
494.536 302
497.534 301.845
500.574 302.167
503.5 302.823
506.431 302.5
509.5 302.5
512.462 302.346
515 301.583
545.574 304.833
548.5 305
551.529 305.676
554.532 305.823
557.5 306
560.5 305.843
563.471 306.157
566.5 307
569.439 306.833
572.079 306.184
602.607 309.607
605.556 309.333
608.5 309.342
611.5 309.667
614.5 310
617.5 310.5
620.5 310.35
623.474 310.658
626.5 310.843
629.433 310.667
659.717 313.935
662.529 314.353
665.527 314.176
668.5 314.5
671.5 314.5
674.474 315
677.5 314.841
680.5 315.333
683.474 316.167
686.449 316.474
689.357 316.571
692.556 317.389
695.603 316.81
698.5 317
701.538 317.692
704.5 318.5
707.537 318.333
710.5 318.683
713.483 318.672
716.463 319.315
719.5 319.661
722.5 319.16
725.5 319.84
728.5 320
