415.478 321.674
418.477 321
421.453 320.5
424.5 320.325
427.473 319.5
430.472 319.028
433.474 318.316
436.5 317.972
439.5 318
442.526 318
445.5 317.176
448.556 316.972
451.471 317.157
454.406 316.688
457.125 317.562
484.962 314.115
487.567 313.333
490.474 313
493.473 312.5
496.5 312.675
499.5 312
502.474 312.167
505.526 311.658
508.5 311.5
511.5 311
514.385 310.962
544.75 307.6
547.565 307.5
550.5 307
553.441 306.647
556.5 306.5
559.471 306.157
562.526 306
565.473 305.824
568.5 305.5
571.433 305.333
601.962 301.885
604.534 301.5
607.5 301.5
610.468 301.823
613.5 301.5
616.5 301.167
619.529 300.676
622.5 300.5
625.469 300.344
628.431 300.19
631.326 299.935
662 298.2
664.595 297.167
667.452 297.452
670.447 297.816
673.5 297.5
676.318 297.5
691.58 292.78
694.533 292.333
697.47 292.167
700.5 291.823
703.532 291.823
706.5 291.167
709.5 291
712.5 290.5
715.433 291.333
718.364 291.364
748.9 288.167
751.54 288.18
754.5 287.656
757.473 287.176
760.551 286.833
763.525 287
766.474 286.658
769.525 287
772.524 286.667
775.5 286.333
778.5 286.325
781.5 286
784.451 285.5
787.452 284.976
790.525 285.35
