257.5 520.667
260.5 519.5
263.477 519.5
266.5 519.667
269.5 519.811
272.477 520
275.545 520
278.5 520
281.5 519.659
284.478 519.326
287.5 519.5
290.523 519.659
293.397 519.5
324.5 517.5
326.5 518
329.5 517.84
332.5 517.5
335.5 518
338.478 517.674
341.5 517.5
344.521 517.16
347.48 517.173
350.458 517.333
352.944 517.278
384.093 516.426
386.519 516.327
389.5 516
392.518 516.339
395.5 515.827
398.5 516
401.518 515.661
404.517 516
407.518 515.661
410.5 516
412.833 515.792
443.768 513.476
446.5 514.5
449.5 514.5
452.517 514.672
455.5 514.172
458.5 514
461.484 514.339
464.516 514.172
467.5 514
470.465 513.833
472.5 514
503.553 512.974
506.516 513.172
509.484 513.167
512.5 513.167
515.516 512.672
518.5 513.167
521.5 512.5
524.516 512.828
527.5 512.5
530.482 512.167
563.532 512.167
566.516 512.167
569.5 511.672
572.516 511.672
575.516 512.328
578.5 512
581.5 511.672
584.484 511.672
587.5 511.5
590.449 511.178
599.53 509.015
602.5 509.162
605.486 509.338
608.5 509.5
611.5 509.5
614.487 509.329
617.475 509.325
620.487 509.5
623.512 509.163
626.476 509.341
629.488 508.662
632.5 509.171
635.512 508.662
638.476 508.317
641.5 508.488
644.5 508.842
647.5 509
650.5 508.162
653.524 508
656.512 508.163
659.476 508
662.512 507.667
665.512 508
668.5 507.837
671.525 507.833
