291.5 407.5
294.5 407
297.5 406.859
300.527 407.176
303.476 406.841
306.474 406.658
309.523 406.826
312.476 406.841
315.5 406.5
318.525 405.35
321.5 406
324.527 406.176
327.446 405.5
330.5 405
333.473 405.824
336.471 405.157
339.527 404.824
342.472 404.333
345.326 404.152
373.2 402.8
375.6 403.367
378.469 403.344
381.5 402.5
384.469 402.656
387.5 402.5
390.532 402.177
393.469 402.344
396.532 402.177
399.308 402.038
429.889 400.556
432.469 400.656
435.531 400.344
438.469 400.656
441.5 400.5
444.469 400.344
447.531 400.344
450.53 400.167
453.466 399.845
456.2 400.3
486.611 399.13
489.5 398.833
492.562 399
495.531 399
498.469 398.656
501.5 398.5
504.5 398.5
507.5 398.5
510.469 398.656
513.318 398.909
522.5 400.4
528.409 400.136
534.5 400
537.409 399.864
540.962 398.5
543.569 397.5
546.5 397.5
549.441 397
552.5 397.324
555.5 397
558.529 396.843
561.471 396.676
564.5 396.843
567.529 396.843
570.352 397.759
573.447 398.5
576.5 398.5
579.559 398.147
582.447 398.184
585.5 398.167
588.4 398
591.5 397.5
594.5 398
597.567 396.967
600.551 396.167
603.524 395.841
606.476 395.841
609.5 395.5
612.5 395.333
615.5 395
618.5 395
621.5 395
624.525 394.675
627.439 395.47
630.5 395.679
633.536 396.321
636.571 396
639.536 395.321
642.534 395.155
645.464 395.321
648.536 395
651.586 394.471
654.476 394.841
657.5 394.325
660.473 394.176
663.471 393.676
666.5 393
669.529 392.843
672.5 392.667
675.527 392.824
678.5 393
681.5 392.675
684.55 392.65
687.5 392.5
690.476 392.159
693.475 392.675
696.475 392.675
699.446 392.5
702.527 391.824
705.5 392.333
