353.423 460.192
356.571 459.643
359.5 459.5
362.577 458.808
365.5 458.5
368.429 458.357
371.429 457.643
374.5 457.5
377.438 456.688
380.5 456.5
383.559 456.147
386.438 455.688
389.441 455.147
392.5 455
395.562 454.312
398.433 453.833
401.447 453.184
404.2 452.8
434.571 449.357
437.5 449
440.562 448.688
443.5 448.184
446.5 448.184
449.5 447.853
452.5 447.5
455.625 447
458.5 447
491.885 443.115
494.447 443.184
497.447 442.5
500.553 441.816
503.455 442
506.5 441
509.5 441.184
512.553 440.816
515.45 440.35
551.559 436.147
554.5 436
557.5 435.65
560.45 435.35
563.55 435.35
566.45 434.7
569.5 434.5
572.447 434.184
606.045 430.227
608.5 430
611.5 429.5
614.45 429.35
617.543 429.152
620.5 428.5
623.5 428.35
626.5 428
629.45 427.35
631.955 427.227
663.1 424
665.559 423.147
668.5 423
671.45 422.65
674.5 422.5
677.447 421.816
680.5 421.65
683.5 421.5
686.441 421.147
722.5 418
725.571 416.643
728.5 416.5
731.5 416
734.571 415.643
737.438 415.688
740.429 415.643
743.5 415.192
746.5 415.192
749.5 415
752.577 414.808
755.577 414.808
758.5 414.357
761.5 413.808
764.333 413.667
767.5 413
