353.5 481
356.531 481
359.47 480.47
362.472 479.639
365.529 479.157
368.5 479
371.5 478.294
374.5 478.5
377.5 477.814
380.5 477.333
383.527 476.824
386.525 476.325
389.5 475.833
392.5 475.841
395.5 475
398.473 474.176
401.471 473.843
404.5 473.5
407.529 473.324
410.5 473.5
413.5 473
416.5 472.5
419.472 472.028
422.443 471.5
425.5 471
428.469 470.656
430.944 471
462.056 466.556
464.5 466.5
467.559 466
470.5 465.5
473.529 465.324
476.5 464.843
479.5 464.833
482.5 464.5
485.471 463.843
488.433 463.967
521.5 459.5
524.5 459.676
527.5 459
530.5 458.667
533.5 458.5
536.5 458
539.444 457.667
542.471 457.843
545.5 457.5
578.531 452.656
581.5 453
584.5 452.5
587.473 451.824
590.5 451.5
593.5 451
596.5 451
599.5 450.5
602.471 450.324
604.889 450.889
635.679 445.429
638.5 446
641.529 445.676
644.529 445.157
647.5 445
650.471 444.676
653.469 444.344
656.5 444
659.5 443.5
662 443.5
693.026 439.237
695.469 439.344
698.531 439.344
701.468 439.177
704.531 438.656
707.5 438.667
710.5 438.333
713.468 438.177
716.433 437.333
719.273 437.591
729.2 435.5
731.5 435
734.538 435.346
737.5 434.5
740.5 434.5
743.569 434.5
746.534 434.466
749.565 434.5
752.468 434.177
755.468 433.177
758.463 433.167
761.46 432.82
764.5 432.5
767.5 432
