415.5 452.833
418.5 452.5
421.433 452.167
424.5 451.5
427.5 450.833
430.562 450.312
433.433 449.833
436.562 449.312
439.441 448.853
442.5 448.5
445.559 448.147
448.5 447.5
451.5 447
454.562 446.312
457.5 445.5
490.571 440.643
493.559 440.147
496.5 440
499.5 439.5
502.441 438.853
505.441 438.5
508.5 438
511.438 437.688
514.5 437.5
547.5 432.5
550.5 432.147
553.441 431.5
556.5 431
559.5 430.853
562.5 430.5
565.441 429.853
568.559 429.147
571.367 429.167
604.447 424.5
607.5 423.816
610.447 423.5
613.45 423.35
616.5 423
619.5 422
622.5 421.5
625.5 421.5
628.367 421.167
661.429 416.357
664.5 416
667.611 415.333
670.5 415
673.447 414.816
676.447 414.184
679.55 413.65
682.441 413.147
718.562 408.312
721.441 407.853
724.438 407
727.5 407
730.562 406.312
733.5 405.5
736.438 405.688
739.567 405.167
778.5 399.667
781.5 398.833
784.5 399
787.633 398.833
790.571 398.357
793.429 398.357
799.5 397.864
802.333 397.333
805.6 397.1
808.409 396.864
811.5 396
814.6 395.3
817.5 395.7
820.577 395.192
823.417 394.333
826.5 394
829.409 393.773
