415.346 474.269
418.654 473.577
424.35 473.6
427.5 472.083
430.45 472.8
433.5 471.227
436.5 473
439.37 472.326
442.25 471.85
445.409 469.864
448.5 469.333
454.773 469.636
457.283 469.109
466.833 467.167
481.5 467.18
484.5 465.083
520.577 466.423
550.5 459.342
553.395 458.868
556.54 458.9
559.5 459.679
562.571 459.107
565.464 458.679
568.466 457.845
571.534 457.914
574.462 457.462
608.4 454.4
610.538 454
613.466 453.845
616.5 453.5
619.5 453
622.466 452.845
625.5 452.321
628.5 452
631.466 451.845
634.326 451.065
697.605 444.605
700.583 444.667
703.545 443.955
706.457 443.848
709.545 443.318
712.5 443
715.5 442.5
718.5 442.045
721.5 441.65
757.5 438
760.5 438.147
763.441 437.853
766.367 437.167
769.5 437
772.5 436.773
778.7 435.6
793.559 433.853
796.559 433.853
799.5 433.833
802.571 433.643
805.571 433.643
808.562 433.312
811.423 433.192
814.5 432.5
817.5 432.333
820.5 432
823.5 432
826.5 431.357
829.5 431
