415.409 433.955
424.577 435.192
427.5 435.333
430.5 435
445.625 431.25
448.611 430.667
451.5 430.5
454.5 430.167
457.5 429.833
460.455 429.682
463.5 429.152
466.457 428.848
469.457 428.848
503.088 425.794
505.464 425.679
508.54 424.82
511.5 424.5
514.538 423.654
517.54 423.82
520.46 423.18
523.5 422.82
526.462 422.654
529.4 422.95
532.5 423.7
541.4 422.7
559.7 419.3
562.455 418.682
565.548 417.833
568.5 417.5
571.5 417
574.457 416.848
577.5 416.5
580.548 416.167
583.5 415.65
586.038 415.654
616.833 412
619.5 411.5
622.545 411.318
625.5 410.5
628.5 410.5
631.5 410.184
634.5 409.682
637.5 409.5
640.45 409.35
642.9 409
673.808 405.808
676.5 405.5
679.457 404.848
682.45 404
685.5 404.5
688.5 403.5
691.5 403.5
694.447 403.184
697.5 402.853
733.591 398.864
736.577 398.5
739.553 397.816
742.438 397.312
745.5 397.688
748.357 397.286
751.633 397.833
754.6 397.3
757.731 396.808
760.667 396.333
763.577 396.192
766.5 396
769.577 395.808
772.423 395.192
775.5 395
778.5 394.357
781.5 394
784.438 393.312
787.357 393.714
790.5 393.357
793.5 393
796.417 392.667
799.417 392.333
802.429 392
805.5 391.808
808.667 391.667
811.367 390.833
814.429 390.643
817.417 390.667
820.667 389.667
823.633 389.167
826.5 389.192
829.591 388.955
