420.5 455
423.556 454.639
426.524 454.841
429.5 454
432.524 454.159
435.527 453.824
438.525 453.325
441.524 453.333
444.526 453.632
447.5 453.474
450.471 453.676
453.5 453
456.468 452.5
459.5 452.656
462.561 453.167
465.561 453.167
468.471 452.843
471.529 452.843
474.444 452.667
477.5 452.324
480.471 451.676
483.346 452
514.088 450.794
516.468 450.823
519.53 450.833
522.5 450.5
525.526 450.658
528.557 450.5
531.5 450.5
534.474 450.342
537.5 450.342
540.438 450
570.833 449.567
573.527 448.824
576.554 448.5
579.5 448.5
582.5 448.325
585.5 448.5
588.5 448.167
591.476 448.159
594.526 448.342
597.474 448.342
600.167 448.5
609.5 449.1
612.346 449.346
615.3 449.1
624.667 449
627.423 448.192
630.614 446.5
633.525 446.675
636.5 446.675
639.5 446.5
642.476 446.159
645.5 446.5
648.475 446.325
651.5 446
654.474 445.658
657.339 446.145
687.891 444.804
690.5 444.333
693.474 444.342
696.5 443.824
699.5 444
702.5 444
705.5 443.658
708.5 443
711.5 443
714.471 443.157
747.571 442
750.5 441.676
753.5 441.676
756.5 441.5
759.5 441.5
762.5 441.5
765.471 441.647
768.531 441.656
771.532 441.5
774.132 441.763
780.636 440.545
783.5 440
786.531 440.344
789.554 440.5
792.528 440.333
795.5 440
798.551 439.833
801.476 439.667
804.5 439.167
807.446 439.5
810.525 439
813.5 439.316
816.474 439.658
819.529 439.157
822.526 438.474
825.475 439.325
828.551 438.5
831.579 438.316
834.449 438.526
