326.5 440
329.579 439.605
332.425 439.65
335.528 440.306
338.471 439.843
341.5 439.342
344.554 439.5
347.474 438.833
350.472 439.333
353.5 439.5
356.5 438.5
359.526 438.658
362.5 438.176
365.472 438.333
368.439 438.167
371.466 438.155
374.222 438.444
402.071 437.429
404.5 437.5
407.5 437.321
410.5 437
413.5 437
416.466 437.155
419.534 437.155
422.5 437
425.5 437
428.289 437.184
459.115 436.577
461.5 436.5
464.5 436.5
467.5 436.321
470.536 436.321
473.536 436.321
476.536 436.321
479.5 436.5
482.466 436.155
485.409 436
516.115 435.577
518.5 435.177
521.5 435.344
524.532 435.177
527.561 435.167
530.469 435.344
533.5 435.5
536.469 435.344
539.5 435
542.464 435.321
575.533 434.333
578.5 434.5
581.53 434.167
584.5 434
587.5 434.5
590.5 434.5
593.468 434.177
596.5 433.656
599.466 433.845
601.833 434.417
632.58 434.5
635.5 434.5
638.5 434.5
641.5 434.5
644.54 434.18
647.5 434.5
650.5 434.5
653.462 434.654
656.5 435
659.25 434.312
686.455 433.045
689.864 435.409
692.559 435.147
695.607 433.25
698.529 432.157
701.529 432.324
704.5 432.658
707.5 432.5
710.477 432.826
713.5 432.333
716.477 431.826
719.475 431.675
722.524 432.134
725.474 432.316
728.524 432.159
731.477 432.341
734.528 431.972
737.526 432
740.5 432
