454.5 416.833
457.521 416.5
460.522 416.304
463.478 416.674
466.456 416.833
469.521 416.479
472.543 416
475.5 415.5
478.479 415.84
481.544 415.833
484.522 415.978
487.48 415.5
490.48 415.173
493.521 415.312
496.5 415
499.522 415.167
502.5 415.174
505.45 415
508.527 414.824
511.526 415
514.5 414.841
517.551 414.833
520.5 415
523.475 414.675
526.526 414.342
529.5 414.5
532.5 414
535.471 414.324
538.2 415
565.967 414.1
568.532 413.177
571.5 413
574.5 412.676
577.556 412.333
580.5 412.5
583.5 412.5
586.5 412.324
589.532 412.177
592.468 412.177
595.364 413.909
598.5 416
601.5 415.808
604.5 415.643
607.571 415.643
610.5 415.5
613.559 415.853
616.5 415.5
619.5 415.5
622.5 415
625.3 413.833
652.711 412.605
655.534 412.845
658.5 413
661.531 412.656
664.5 412.5
667.5 412.5
670.529 412.324
673.5 412
676.471 411.843
679.469 411.656
682.312 413.188
691.409 413.864
709.853 411.206
712.531 410.344
715.5 410
718.472 410.333
721.5 410
724.5 410
727.527 409.824
730.5 410
733.529 410.157
736.439 410.167
739.188 411.438
769.567 409.033
772.529 409.324
775.527 409.176
778.473 408.824
781.5 409
784.5 408.824
787.5 409.157
790.471 409.324
793.471 409.324
796.026 410.132
826.643 408.571
829.529 408.843
832.471 408.843
835.5 408
838.5 408.167
841.525 408.325
844.475 408.325
847.5 408.5
850.5 409
853.5 408.5
856.5 408.5
859.5 408.5
862.5 408.5
865.518 407.791
868.519 407.673
