318.5 457.5
321.5 457.826
324.5 458.5
327.523 458.682
330.474 458.658
333.5 459
336.5 459
339.531 459
342.468 459.5
345.529 460.157
348.471 460.157
351.468 460.177
354.466 460.5
357.5 461
360.429 461
363 461.286
393.534 462.845
396.531 463.344
399.567 463.333
402.533 463.667
405.5 464.177
408.532 464.177
411.5 464.5
414.468 464.823
417.466 465.155
450.5 467.5
453.529 467.676
456.5 468
459.5 468.157
462.471 468.157
465.5 468.824
468.5 469
471.471 469.157
474.469 469.656
505.214 470.714
507.529 470.843
510.5 471
513.529 471.324
516.5 471.5
519.471 471.324
522.5 471.344
525.5 471.656
528.468 471.823
531.466 472.155
534.25 476
537.633 479.167
540.556 479.667
543.556 479.333
546.5 479.816
549.55 479.65
552.5 479.5
555.543 479.848
558.5 480
561.35 480.3
564.457 472.848
567.595 473.167
570.5 473.167
573.5 473.167
576.5 473.35
579.447 473.816
582.444 473.667
585.562 473.688
588.5 474
591.74 480.02
594.471 481.676
597.5 481.824
600.5 482
603.5 482.5
606.477 482.341
609.5 482
612.523 482.341
615.523 482.341
618.477 482.659
620.583 483.25
640.147 485.088
642.405 483.31
649 484.893
651.518 485.339
654.5 485.5
657.482 485.173
660.517 485.333
663.484 485.172
666.516 485.661
669.516 485.828
672.516 486.339
675.5 486.5
678.514 486.838
681.486 486.329
684.472 487.333
687.529 487
690.529 487.3
693.5 487.671
696.458 488
699.5 487.985
702.485 488.662
705.515 489
708.53 488.799
711.485 489.333
714.53 489.5
717.5 489.333
720.485 490.162
723.516 490.339
726.53 490.333
729.47 490.318
732.5 491.5
