318.5 422.31
321.5 422.833
324.533 423.667
327.484 423.151
330.483 423.638
333.516 424.323
336.5 424.323
339.516 425.339
342.5 425.844
345.534 426.178
348.5 426.816
351.481 427.673
354.458 427.667
357.5 427.674
360.476 427.476
363.529 427.843
366.526 427.658
369.471 428.324
372.47 428.833
375.5 429.5
378.466 430.155
381.417 430.958
384.433 433.967
387.5 436.5
390.562 436.688
393.5 437
396.553 437.184
399.45 437.65
402.45 437.65
405.447 438.184
408.389 438.056
435.929 442.143
438.536 442.679
441.5 443.177
444.531 443.344
447.469 443.656
450.531 444.344
453.5 444.5
456.5 445
459.469 445.344
462.111 445.667
490 450.7
492.525 451.325
495.5 451.5
498.5 452
501.523 452.174
504.477 452.826
507.523 453.341
510.477 454.174
513.427 454.817
515.853 454.676
543.944 460.13
546.5 460.5
549.521 460.84
552.5 461
555.48 461.827
558.52 462.34
561.52 463
564.52 463.34
567.48 463.827
570.052 464.638
597.855 469.887
600.52 469.34
603.5 469.327
606.538 469.5
609.482 469.827
612.463 469.981
615.5 470.5
618.481 471.16
621.48 471.827
624.384 472.384
654.667 476.806
657.536 478.882
660.482 478.661
663.548 480.198
666.486 481.486
669.486 482.329
672.5 483.158
675.526 483.667
678.523 483.989
681.511 484.66
684.5 484.837
687.521 485.656
690.531 485.809
693.5 485.82
696.5 486.667
699.511 487
702.49 487.663
705.5 488.167
708.48 488.5
711.467 489.326
714.489 490
717.533 489.819
720.511 490.678
723.489 491.5
726.511 491.511
729.5 492.5
732.511 493.667
