439.515 397.985
442.5 398.5
445.5 398.515
448.485 398.662
451.47 399.157
454.53 398.667
457.5 398.5
460.514 399.514
463.485 399.985
466.5 400
469.485 399.985
472.486 399.657
475.5 399.5
478.5 400.312
481.485 401.162
484.484 400.661
487.546 400.823
490.5 401
493.516 401.5
496.483 400.672
499.461 401.167
502.452 402.619
505.526 404.342
508.525 404.675
511.475 404.675
514.523 405.174
517.5 404.659
520.5 404.659
523.477 404.826
526.476 404.841
528.833 404.667
556.707 407.5
559.523 406.826
562.5 406.833
565.5 407.5
568.5 407.826
571.521 407.84
574.522 408.326
577.5 408.5
580.477 408.659
583.3 408.9
613.567 410.967
616.529 410.843
619.471 410.324
622.5 411
625.5 411.656
628.462 411.692
631.357 412.548
640.562 416.625
643.542 417.333
646.54 417.18
649.5 417.5
652.5 417.5
655.5 417.667
658.532 417.177
661.5 417.5
664.5 417.5
667.433 417.333
670.136 418.773
697.929 419.929
700.527 418.824
703.5 419.5
706.525 419.675
709.5 420
712.477 419.659
715.452 420.333
718.5 420.5
721.475 420.675
724.441 421.294
755.115 425.115
757.529 424.324
760.526 424.658
763.527 424.824
766.5 424.658
769.471 425.324
772.473 424.824
775.5 425
778.5 425
781.435 425.79
820.577 429.615
823.5 429.5
826.55 430
829.5 430.833
832.538 431.142
835.551 431.466
838.533 431.156
841.531 432.177
844.484 433.172
847.515 432.838
850.485 433.662
853.53 433.187
