439.474 429.342
442.476 428.451
445.524 428.841
448.451 429.183
451.5 429
454.477 429.174
457.524 429.5
460.5 429.5
463.5 429.5
466.432 429.295
469.477 429.341
472.5 429
475.477 429.151
478.522 429.326
481.5 429
484.479 429.16
487.543 429.348
490.523 429.659
493.5 429.636
496.5 429.5
499.444 429.667
502.433 429.333
505.143 430.571
511.591 431.864
529.682 432.045
532.603 430.466
535.5 430.5
538.529 430.5
541.528 430.667
544.471 430.5
547.471 430.324
550.5 430.5
553.529 430.843
556.438 431
559 431.333
586.577 433.808
589.621 431.773
592.5 431.658
595.5 431.5
598.5 431.824
601.526 431.833
604.5 431.5
607.475 432
610.5 432.5
613.5 432.658
616.278 433.167
619.5 435
622.367 435.833
625.5 435.357
628.571 436.357
631.429 436.357
634.417 435.667
637.591 436.136
640.409 435.864
643.567 435.767
646.621 433.773
649.5 433.5
652.5 433.5
655.524 433.841
658.5 433.675
661.475 433.325
664.5 434
667.5 434
670.476 434.159
673.328 434.948
676.5 437.184
679.559 437.853
682.633 437.567
685.389 437.333
688.444 437.333
691.562 437.688
694.5 438
697.562 438
700.562 438.312
703.638 435.741
706.553 435.316
709.474 435.342
712.526 435.342
715.5 435.5
718.5 435.5
721.5 435.5
724.5 435.5
727.5 436
730.406 436.312
733.367 438.433
736.577 438.808
739.429 439
742.5 439
745.409 438.955
748.654 438.885
751.5 439.5
754.5 439.5
757.5 439.5
760.692 438.192
763.527 436.824
766.5 436.658
769.5 437
772.474 436.658
775.5 437
778.527 437.176
781.5 437
784.471 437.157
787.439 437.47
790.346 438.962
793.6 441
796.429 440.643
802.6 440.3
805.429 440.643
808.5 440.5
811.367 440.833
814.5 440.808
817.658 440.447
820.532 438.823
823.471 438.676
826.554 438.5
829.5 438
832.5 438.658
835.474 438.658
838.5 439
841.524 438.841
844.52 438.827
847.542 439.312
850.481 438.981
853.557 439.481
