299.409 451.136
302.5 451.7
305.4 451.7
308.5 452
323.4 451.7
332.6 451.7
335.591 451.5
338.5 451.3
341.667 451.667
344.5 451
377.591 451.864
380.5 452
383.5 452
386.423 451.808
389.5 452
392.5 452
395.5 452
398.5 452
401.5 452
434.5 453
437.5 453
440.5 453
443.423 452.808
446.5 453.5
449.5 453.5
452.5 453.192
455.429 453.357
458.429 453.643
491.571 454.429
494.5 454.5
497.5 454.5
500.5 454.688
503.5 455
506.5 455
509.559 454.853
512.5 455
515.5 455
549 456
551.5 456
554.5 456
557.447 456.184
560.5 456
563.5 456
566.5 456.5
569.5 456.5
572.5 456.5
606.136 457.318
608.5 457.5
611.457 457.848
614.543 457.848
617.587 457.5
620.46 457.82
623.543 457.848
626.5 458
629.5 458
632 458
665.5 459.5
668.447 458.868
671.583 459.208
674.46 459.18
677.462 459.346
680.5 459.5
683.5 459.82
686.538 460.346
689.5 460.5
692.5 461
695.5 461
698.5 461
701.5 461
704.543 461.152
707.5 461
