-23.9378831962547 0 6.82072595165783
-27.734404875853 0 -7.5906303334688
-27.1698585141794 0 -12.9887676533954
-23.8970434196112 -0.11730527976378 6.8196094859874
-27.8063158822943 -0.136495030221846 -7.59589653538936
-27.1021258415361 -0.133038317678477 -12.9803142018589
-23.9224360545206 -0.234865512483235 6.8203324601577
-27.7599963908457 -0.272541883444043 -7.59259328545094
-27.1459612429225 -0.266513413794421 -12.9859347492503
-23.9262292772873 -0.352368282028059 6.82047605972689
-27.7454908829498 -0.408615617745122 -7.59165773626242
-27.1529213872181 -0.399888680760053 -12.9870128254357
-23.9403755161633 -0.470128592037075 6.82092199483042
-27.7813612097288 -0.545555863214644 -7.59444352815325
-27.1252081555102 -0.532670672197806 -12.983823875046
-23.9241177215693 -0.587304125236252 6.82054502639406
-27.7624440886211 -0.68152974875173 -7.59328386279262
-27.1185867555148 -0.665723938389244 -12.9833622410319
-23.8776923088076 -0.703459504277502 6.81935446842387
-27.7825519902025 -0.818500380934332 -7.59501857157555
-26.9886222431371 -0.795110456184534 -12.9675072231187
-23.9019126074127 -0.821621059402913 6.82012483121652
-27.7342412617809 -0.953356204648388 -7.59181244886015
-27.1113402680255 -0.93194417027279 -12.9834370311964
-24.0046953213985 -0.943147047864253 6.82307531876051
-27.7238562071635 -1.0892732770447 -7.59142062884889
-27.111141630382 -1.0651996557578 -12.984027248464
-23.9419878883339 -1.05841330066421 6.82148214913898
-27.6974762090744 -1.22443371666725 -7.58991034714678
-27.1196002185912 -1.1988873152024 -12.9857864684377
-23.8717111608532 -1.17274196793935 6.81969661456982
-27.7266557914321 -1.36212325367541 -7.59250288416212
-27.0861821841833 -1.33065880299079 -12.9823703925464
-23.8838639813324 -1.29089088450027 6.82019882715055
-27.7161189613494 -1.49801913747689 -7.59224618282635
-27.0902060303299 -1.46418938121235 -12.9837371043266
-23.868782878 -1.40761578468439 6.81996552129976
-27.716466230192 -1.63452554580191 -7.59283285927791
-27.0683517825593 -1.5963042367627 -12.9819355181674
-23.8132872996377 -1.52167768279658 6.81863286416393
-27.6706453647139 -1.76816426015674 -7.5900964755642
-27.0639398409349 -1.72939555745949 -12.9824067651783
-23.8577940618144 -1.64214939181517 6.8200750697784
-27.6583778444084 -1.90374634964618 -7.58985866857014
-27.0509787578559 -1.86193862685391 -12.981885594194
-23.8409710319801 -1.75861567511719 6.81984095287446
-27.6519423481099 -2.03972980779987 -7.5900956784209
-27.0356571973227 -1.99426988399633 -12.9811492037168
-23.8291314250473 -1.87539331529938 6.81976107209055
-27.6459523312357 -2.17578363526029 -7.59041415050103
-27.0264722544651 -2.1270294958746 -12.9812662074185
-23.8146862173435 -1.99192699891287 6.81962428222933
-27.6414840386282 -2.31201107770483 -7.59089290537288
-27.0241259274472 -2.26037351765319 -12.9823258871808
-23.7744969966504 -2.10613393134752 6.81879141903608
-27.6348341479024 -2.44811328265992 -7.59126114788899
-27.0119224668125 -2.39293081432165 -12.982227389081
-23.7218606832692 -2.21888123442779 6.81762956432128
-27.6101326097944 -2.58258009124656 -7.5903568846728
-26.9879717449599 -2.52438477991711 -12.9807311247115
-23.7385904584031 -2.33804708796911 6.81840171474346
-27.5812219902029 -2.71651326012056 -7.58919222412818
-26.9877345037893 -2.65805984470878 -12.9823037475694
-23.7274151119832 -2.45460575869323 6.81841763946092
-27.563629293095 -2.85146287001767 -7.58890453483295
-26.9750820128518 -2.7905775381545 -12.9823945656393
-23.7274456569074 -2.57238797531807 6.81876044596994
-27.5482640391832 -2.98661828921531 -7.58882856512309
-26.9511846502068 -2.92188650718019 -12.981148977843
-23.7241321235683 -2.68991675938579 6.81902644621647
-27.5342601793371 -3.12192106872096 -7.58890108163132
-26.9299945255495 -3.05340752728651 -12.9803257199528
-23.7115501554757 -2.80644690247381 6.81905123323807
-27.5237157367745 -3.2576464325426 -7.58927630365036
-26.9150966601948 -3.18561161781923 -12.980378116246
-23.5681450337715 -2.90685343748022 6.81546427782713
-27.5109670736493 -3.3931541532798 -7.58953878188511
-26.8821244769313 -3.31559381659295 -12.9782286346273
-23.5602586754555 -3.02336329130691 6.81564922423299
-27.4875523274384 -3.52733209848972 -7.58906644039088
-26.8812608044112 -3.44952991644236 -12.9802182185377
-23.6084698303796 -3.14742132547642 6.81740745401202
-27.4586318058727 -3.66071515583775 -7.58823732838759
-26.8582103180459 -3.58066848578086 -12.9794851786272
-23.5999237918389 -3.26426499409712 6.81760723331539
-27.423728589374 -3.79316128439662 -7.58701557172221
-26.8525705986796 -3.71416056170075 -12.9810373971309
-23.6018391582824 -3.38268283649137 6.81811409684564
-27.4079353291086 -3.92818338434046 -7.58724802303861
-26.8271501170041 -3.84494359292003 -12.9801676302525
-23.5554674547566 -3.49412352682872 6.81729347904979
-27.3884939239612 -4.06269929339881 -7.5872606350251
-26.7994285218349 -3.97531969524973 -12.979086851549
-23.5610414717185 -3.61323724796035 6.81793477688023
-27.3684085283267 -4.19712147405058 -7.58727444187944
-26.7822437344908 -4.10722933286178 -12.979423305357
-23.496130042306 -3.72142140654316 6.81662759412197
-27.3418749494762 -4.33052756129624 -7.58686105457066
-26.7541469579155 -4.23744059228984 -12.9784566685669
-23.4959134360343 -3.83970859501059 6.81713933622013
-27.3183993234078 -4.46438028338789 -7.58672154320235
-26.7363504219634 -4.36926169284334 -12.9788793427631
-23.4571834534434 -3.95169546126467 6.81659177750701
-27.2988728036238 -4.59888255424313 -7.5869223827899
-26.6991653578018 -4.49785332383937 -12.9769188364611
-23.4541704458252 -4.0696846312295 6.81705820791985
-27.2829639784583 -4.73404333161071 -7.58743986252256
-26.6650494812705 -4.62682499539082 -12.9754276319135
-23.4118412957961 -4.18082439018308 6.81644048560472
-27.2511805195512 -4.86644338383926 -7.58683145277633
-26.6509329895544 -4.75925277538386 -12.9765635524537
-23.3571397331829 -4.28947107839504 6.81549208870791
-27.2166734488376 -4.99826326949845 -7.58606878843469
-26.6300771537568 -4.89053655847192 -12.976924028176
-23.3298557179465 -4.40295071386778 6.81532542533678
-27.1891894759449 -5.13130739683525 -7.58587436408536
-26.6197758370077 -5.02384422953773 -12.9787140630368
-23.3162720897164 -4.5190280233966 6.81555843316026
-27.172670310469 -5.26645332199931 -7.5865423496386
-26.5560107684972 -5.14693585624221 -12.9737596584739
-23.2847395429604 -4.631622666309 6.81530350185571
-27.1320165616371 -5.39689364605932 -7.58546656982205
-26.5208723382762 -5.27532950178021 -12.9725380588027
-23.2388410781741 -4.74119658789826 6.81466131930607
-27.0987877165636 -5.52870426824423 -7.58498969326447
-26.5047783037126 -5.407514257438 -12.9738334355711
-23.2051627826141 -4.85309485040907 6.81437682573261
-27.0707130615039 -5.66153055621384 -7.58494431748429
-26.4817540170896 -5.53835649653044 -12.9743253043295
-23.166458502955 -4.96381521933633 6.8139653805242
-27.033785164997 -5.79245697917806 -7.58428749090667
-26.4377883585861 -5.66475433451354 -12.972214142246
-23.1667858578802 -5.08295217040933 6.81466885842646
-27.0060320393439 -5.92530919095253 -7.58436257378482
-26.4106522457888 -5.79467876891496 -12.9723411354584
-23.129515540776 -5.19390640154849 6.81432918305604
-26.970410082374 -6.05640811335949 -7.58389856947455
-26.3825406881233 -5.92439762638279 -12.97242482151
-23.0785277590973 -5.30158803655981 6.8136168551214
-26.9482981860256 -6.19054979416366 -7.58449257945674
-26.3385868728237 -6.05048721142147 -12.9705519559429
-23.0526410488896 -5.41490772793267 6.81362875952342
-26.9065367663709 -6.32016147560429 -7.58366526228722
-26.3189281282358 -6.18213622509657 -12.9718864074865
-23.0133960553144 -5.52502756717913 6.81327869970244
-26.8728250011281 -6.45159447924794 -7.58348806983086
-26.2829415749774 -6.30997599829578 -12.9711998647438
-22.989747833557 -5.63884704220633 6.81338428996881
-26.8311706428932 -6.58105814443822 -7.58276294028687
-26.2562795796953 -6.44005082261921 -12.9717975407636
-22.9349823038264 -5.74491399932687 6.812623502628
-26.7993051369891 -6.71287647900365 -7.58282022418882
-26.2074399880856 -6.56462197701162 -12.9696112164865
-22.8968792424021 -5.85496455100859 6.81235003729797
-26.757208631 -6.84208997915871 -7.58215647354541
-26.1807131776617 -6.69467423715389 -12.9703636618348
-22.8748881384743 -5.96912153569721 6.8125501416729
-26.7197525359197 -6.97242536554308 -7.58188920286979
-26.1565276919067 -6.82545382515844 -12.9715291435868
-22.8466649713496 -6.08169622174563 6.81258905007806
-26.6870327789482 -7.10398767718891 -7.58202707824629
-26.1109060088429 -6.95062489949731 -12.9699974623631
-22.7986314435782 -6.18891033480386 6.8120784846365
-26.6420517244386 -7.23224416631381 -7.58128778018826
-26.0669371102005 -7.07612370844494 -12.9687583101517
-22.7606607950487 -6.29872313501372 6.8118688381615
-26.6068430868952 -7.36310512292174 -7.58133417263461
-26.0232317130176 -7.20159810449194 -12.9676318701523
-22.709358869116 -6.40470159453191 6.81129416590136
-26.5657658989706 -7.49232086179639 -7.58098478520291
-25.9762712399605 -7.32606617339721 -12.9661599258553
-22.6875013202983 -6.51892996204151 6.8115764574883
-26.4942880063985 -7.6127558283971 -7.578377325824
-25.9683039622388 -7.46162181427097 -12.9698536039424
-22.6503367804875 -6.62878642198289 6.81143585813636
-26.4708319640559 -7.74688222971965 -7.57945824981497
-25.9240240978244 -7.58685491559022 -12.9688944790539
-22.6032631990199 -6.73564074679051 6.81102565914674
-26.4276489163162 -7.87528540968952 -7.57909035663508
-25.8745100210079 -7.71045324147256 -12.9673293854777
-22.5607891864454 -6.84374057927262 6.81076296631426
-26.3902468745739 -8.00539386898104 -7.57921024588021
-25.826839976032 -7.83448625478685 -12.9660830811061
-22.509267700397 -6.94895212140833 6.81025450170038
-26.3317304756022 -8.12900431876604 -7.57776824972016
-25.7969574925976 -7.96391179313686 -12.9672493714002
-22.4659489784931 -7.0565529304966 6.80999693935147
-26.2959631275597 -8.25956009450788 -7.57810846737601
-25.7373685023146 -8.08410556358616 -12.9645959427809
-22.4160699765181 -7.16196410100059 6.80956454804137
-26.2321154440478 -8.38119569132231 -7.57634943845345
-25.7090565640742 -8.21407768513281 -12.9661337850173
-22.3619379539477 -7.26583408717578 6.80902260781456
-26.1719810056964 -8.50379211818428 -7.57491792572268
-25.6764179837499 -8.34277393162914 -12.967187614731
-22.3271325232604 -7.37588828973865 6.80905538269499
-26.1487014701982 -8.63836414125166 -7.57635949907403
-25.6119568978493 -8.46104768551581 -12.9641235097865
-22.2917774763435 -7.48577318371781 6.80908859058356
-26.1370708110568 -8.77705620316626 -7.57874991835175
-25.5351452313184 -8.57492434678193 -12.9594971988061
-22.2770993989786 -7.60272991089963 6.80973734067595
-26.0611112799242 -8.8941377281931 -7.57624208270555
-25.5237512131293 -8.71074745015125 -12.9636058330532
-22.2538905700125 -7.71697661193478 6.81015700909446
-26.0167318446663 -9.02181623175639 -7.5762107105152
-25.4797194749611 -8.83559657347698 -12.9634776592556
-22.2243879691477 -7.82916752008527 6.81040890459742
-25.9633023988627 -9.14630558724553 -7.57552826421488
-25.4333169622551 -8.95960326850599 -12.9631154524539
-22.2043152510782 -7.94483103470713 6.81095378268765
-25.9245331305965 -9.27594627653536 -7.57602685087619
-25.3907316304358 -9.08494904573159 -12.9633420545876
-22.1797739609733 -8.05908048499358 6.81138527469363
-25.8457233979763 -9.39111306651173 -7.57347028705397
-25.3754916723191 -9.22025310507402 -12.9672998590412
-22.1499846311978 -8.1715607481322 6.81167972730929
-25.8100014723138 -9.52181224736987 -7.57430067340666
-25.3395163925311 -9.34824113774846 -12.9685817908143
-22.1346778321934 -8.28957995364986 6.81241666298321
-25.7753724499564 -9.6530436258825 -7.575267548186
-25.3132049659357 -9.47995891510373 -12.9712442938586
-22.1165103287199 -8.40679593803008 6.81308698830837
-25.7642955535291 -9.79337029153058 -7.57812303557153
-25.2793461463318 -9.60903421653586 -12.9729858391749
-22.1107413312591 -8.52905410327682 6.81414284499154
-25.7425554856638 -9.92999941541668 -7.58020461169896
-25.2042738007239 -9.72236125689124 -12.9692759475619
-22.1143095585649 -8.65537391899762 6.8154938623308
-25.7549760329013 -10.0803033099103 -7.58501662709837
-25.1971619243541 -9.86197907627403 -12.9747862959246
-22.0722296344817 -8.76408991187235 6.81551390041661
-25.7273036445095 -10.2153885703635 -7.58675140961931
-25.1748381662097 -9.99602436451723 -12.9783471661206
-22.0516507967847 -8.8814763323294 6.8161877132365
-25.6696454053171 -10.3386522046619 -7.58618531510775
-25.1921306929418 -10.1463293869562 -12.9873600904338
-22.0830494477614 -9.02035686080777 6.81842549095571
-25.6527550592739 -10.4784896508485 -7.58887571397725
-25.1527491420742 -10.274250113355 -12.9888133336417
-22.0670528062142 -9.14047255393719 6.81927610296691
-25.6338333074299 -10.6178814115487 -7.59146541762362
-25.1720467332289 -10.4266031495928 -12.9983200021311
-21.9968793421844 -9.23816735275396 6.81852844401981
-25.6295034494176 -10.7637832780963 -7.59526814330717
-25.155454336457 -10.5646938995153 -13.0030660917622
-22.0474585420112 -9.38698742885387 6.82140570094412
-25.6400024747021 -10.9165589515541 -7.60031031563078
-25.1590494041568 -10.7117870310865 -13.0106660500653
-22.0956336759782 -9.5358909411184 6.82424023874726
-25.6337093421743 -11.062830796704 -7.60408950630095
-25.1704427423517 -10.8628971882204 -13.0194458249971
-22.0215780011104 -9.63243581022806 6.82342896725024
-25.6356996050254 -11.2132850281322 -7.60859291838307
-25.1404640231582 -10.9966645410337 -13.0226827607427
-22.0926079781096 -9.79297959903807 6.82699925375694
-25.6489608862314 -11.3694024238456 -7.61406363416666
-25.2330163750672 -11.1850269025762 -13.0428254583558
-27.5028705271515 12.3530687192333 6.99171885748973
-27.5797255349137 12.387588577492 -7.77283100867685
-26.9424175956216 12.1013381382291 -13.2854242003188
-21.860653082913 9.56204580708094 6.81859456325875
-27.1690954222088 11.8840061172361 -7.7305910831609
-27.224897948618 11.9084146429856 -13.3080066394607
-21.8896359904701 9.44698778984721 6.81806386782564
-27.1995074362654 11.7385878299724 -7.72840020942048
-27.3026210676322 11.7830889453365 -13.3106832951569
-21.9012495435569 9.32473707796376 6.81703228214889
-27.2630224363038 11.6075804562461 -7.72889308561983
-27.3913662871506 11.6622244920734 -13.3149406658871
-21.877113456936 9.18786852291252 6.81495221296373
-27.3466934569548 11.4849623335127 -7.73102937940843
-27.4112415783037 11.5120710127962 -13.3099022453417
-21.9008022361699 9.0716093130726 6.81432215668109
-27.4024521823127 11.3504673361941 -7.73100663639953
-27.4632366482442 11.3756450863646 -13.3093342666825
-21.953983228754 8.96763663496777 6.81458730222021
-27.4491511469376 11.2122711791839 -7.73032261679719
-27.5193643291924 11.2409514555094 -13.3094180832266
-21.9869761574306 8.8554281110865 6.81426858431212
-27.500992842476 11.0762418331794 -7.73009743916559
-27.5730225002938 11.1052523461351 -13.309257336846
-22.0198304108046 8.74328406147922 6.81396135232839
-27.5446661114121 10.9369979558292 -7.72928448346737
-27.6493493063618 10.9785638940237 -13.3122456698205
-22.0504671148746 8.63038646819892 6.81360623770279
-27.5974911204144 10.8014498142398 -7.72924301353213
-27.7120126234775 10.846272666527 -13.3134719798971
-22.0989317948021 8.52449866237745 6.81379447802263
-27.6348897737933 10.6599532999626 -7.72804842958708
-27.7716494884533 10.712707343258 -13.3143765342849
-22.1376848864533 8.41484468456817 6.81371074353371
-27.6864225689523 10.5239977433965 -7.72801248208111
-27.7994088552208 10.5669454163493 -13.3110905982972
-22.1800793800115 8.3065831268386 6.81375076830031
-27.7055015093161 10.3758894373158 -7.7255024930252
-27.9069934750392 10.4513494811683 -13.3185965605935
-22.2213827304077 8.19790089755936 6.81377423558568
-27.7960395890707 10.254500390924 -7.72860558982226
-27.9287029121445 10.3034424747041 -13.3146856838888
-22.2658059344928 8.09034043381439 6.81390493852291
-27.8616986698939 10.1236231002356 -7.72981991269168
-27.9403464342741 10.1521999768179 -13.3095356181189
-22.6444307929259 7.23492568485098 6.81616360465412
-26.9444813340387 8.60879753840065 -7.63086161154121
-25.9674481672639 8.29663414520736 -13.0001526436519
-22.6865907067394 7.12585648119622 6.8163633185837
-26.8695353529552 8.43971908854106 -7.62193157055998
-25.9781683398391 8.15974077493526 -12.9962494740458
-22.7418973503346 7.02076842040805 6.81695601817793
-26.7630298585393 8.26215297566215 -7.6106708319921
-25.9790116310236 8.02011466513897 -12.9911441309996
-22.7807534967971 6.91046602332978 6.81709094487342
-26.7004441747313 8.09949119124773 -7.60283877866895
-25.9792899791559 7.88073145765042 -12.9860622372904
-22.8173332508911 6.7994323750769 6.81717493735986
-26.6746998986856 7.94890516311762 -7.59788111676771
-26.0090476232618 7.75054466312871 -12.9849350495042
-22.8536056517956 6.68827454117499 6.81726540200711
-26.6636024569083 7.80329792181127 -7.59409918228229
-26.048856781149 7.62338811173037 -12.9852064879085
-22.8868241854185 6.57620254482651 6.81728506815552
-26.6833021004953 7.66706633284005 -7.59271253867924
-26.0425778990258 7.48296337079956 -12.9795452459429
-22.9351023938936 6.46836785307453 6.81775058411436
-26.6864110920317 7.52634632525505 -7.59012198423846
-26.0862682049584 7.35708852595131 -12.9804928475375
-22.9683266723793 6.35619202300753 6.81780031554872
-26.7021470267958 7.38947927508347 -7.58854223142571
-26.1368438905361 7.23303882835314 -12.9824155759708
-23.0273918587758 6.25100957533567 6.81860284078895
-26.7310041037683 7.25639115518468 -7.5880064098578
-26.1755615081601 7.10561085818059 -12.9828739795924
-23.0606594946905 6.13866075839505 6.8186839452406
-26.7636242347327 7.12437603443262 -7.58780445065841
-26.1890195794972 6.97141843799018 -12.9801348835818
-23.0816078180999 6.02306430840218 6.8184306727912
-26.7926071580144 6.99143652271631 -7.58737759660248
-26.2432859087396 6.84809307643524 -12.9827738916628
-23.1021066417419 5.90744328120189 6.81818137192684
-26.8361699512889 6.86228119064644 -7.58809736803801
-26.2671889332098 6.71678696605007 -12.9815575964604
-23.1440352232992 5.79727902964473 6.81855597219607
-26.8632712327488 6.72889915188579 -7.58762693195634
-26.3073568422472 6.58964984608245 -12.9825289877515
-23.1788808754466 5.68523695050649 6.81874503055763
-26.8948545462003 6.59667831532481 -7.58754262344017
-26.3475911602375 6.46244741607416 -12.9835884217799
-23.2182601842146 5.57421109302549 6.81907788674142
-26.9175028301183 6.4623206769903 -7.58683729347082
-26.3795111471584 6.33316030134988 -12.9836548539863
-23.2498787472666 5.46123751439472 6.81920579327896
-26.9652483491601 6.33395242487949 -7.58806138286222
-26.3999070199906 6.20115761296412 -12.9823184319971
-23.2496551622774 5.34089933938197 6.81845049692692
-27.0132324852239 6.20546646941198 -7.58934909437792
-26.4299338912987 6.07147140354055 -12.9823062326241
-23.3051617795098 5.23334908343949 6.81928495948785
-27.0365550607226 6.07126146495131 -7.58884011985851
-26.4678330618736 5.94355066939592 -12.9833877735289
-23.3233344659517 5.11730001184289 6.81908132764891
-27.0817166334322 5.94191491149348 -7.59001065076288
-26.4935869092735 5.81287520455123 -12.982989432823
-23.3811760862957 5.00982218271873 6.82001005666296
-27.0968724663527 5.80597452682465 -7.58899046743944
-26.5530249018299 5.68944576100431 -12.986994060994
-23.2518498637308 4.86285892037362 6.81568910199823
-27.1495074621051 5.67800950546238 -7.590812112083
-26.5703997059758 5.55689573024644 -12.9856829451216
-23.4266262318671 4.77950858146766 6.81993635481705
-27.1440325633726 5.53793513791581 -7.58835564804234
-26.5870164626338 5.42429251574961 -12.9843594387487
-23.4504598851105 4.66458649188904 6.81995545642117
-27.1983798956942 5.41009413394383 -7.59039873780334
-26.6117902128442 5.29341419144767 -12.9841635122185
-23.4695986051688 4.54874490169488 6.81985723936572
-27.2318030921531 5.2779141034014 -7.5909329040032
-26.6344427470228 5.16213709885615 -12.9837789077836
-23.5099619636076 4.43694144799374 6.82037055253468
-27.2531964249745 5.14338717329549 -7.59062236092186
-26.6750781955021 5.03428122330894 -12.9857720021982
-23.5335069028236 4.3218603984057 6.82042824116056
-27.2766973505306 5.00928648523744 -7.59051725774377
-26.6881742300369 4.9012059183032 -12.984331868568
-23.452449189485 4.18807603990272 6.81757591561387
-27.3039152548095 4.87586061269335 -7.59073623705606
-26.7139300681967 4.77050262624226 -12.9845890441449
-23.5327701702522 4.08332297717991 6.81925397535122
-27.3319966370778 4.74255130496553 -7.59106738753913
-26.7553712451745 4.64249730813688 -12.9869242034888
-23.6217145711236 3.97941306309287 6.82118542625875
-27.338667310415 4.60558650368285 -7.58986398253013
-26.7735643763113 4.51038689439144 -12.9863807422865
-23.6087555320328 3.85814928117773 6.82028627706317
-27.3756769019206 4.47374060092208 -7.59095203970963
-26.7816007621432 4.37665651580217 -12.984629497118
-23.7053822154069 3.75456369486644 6.82245958258417
-27.3808002842491 4.33669272865871 -7.5897337926523
-26.8502419125646 4.25266053789995 -12.9906582247561
-23.6935437458609 3.63355732391905 6.82162506891338
-27.4270794379891 4.20611903540281 -7.59160111621778
-26.8361943859774 4.11550301226332 -12.9862683934603
-23.6696812629347 3.51106554485535 6.82047187122272
-27.4416261660215 4.07058071699498 -7.59117596122186
-26.8620409126164 3.98460736606847 -12.9870250336558
-23.7244135807369 3.40025055196679 6.82152343531947
-27.4428792501473 3.93319164666886 -7.58982120536332
-26.9110769783047 3.85697222981303 -12.9908005091802
-23.7133219792214 3.27994986396076 6.82075900598621
-27.5044625291189 3.80432814136062 -7.59295650762297
-26.8864806799187 3.7188508942676 -12.9853305713582
-23.7718047611761 3.16919672422432 6.82194345382944
-27.4924957483065 3.66522981076231 -7.59072759988996
-26.9313490198798 3.59041915202581 -12.988738707663
-23.7870750580147 3.05246943714102 6.82194345382944
-27.5114670090908 3.53040094300571 -7.59082393862489
-26.9553044053459 3.45903153983733 -12.98958022179
-23.778778273258 2.93283256971024 6.82130632439535
-27.5240653131308 3.39476966703394 -7.59050078165611
-26.9701441886788 3.32645001258515 -12.9893508921629
-23.6029533288814 2.79359362103014 6.81604149695535
-27.5565290937364 3.26153014927144 -7.59168485038568
-26.9747539496037 3.19267252332621 -12.9879119996461
-23.8284003885156 2.701739023395 6.82191444888227
-27.6012564789389 3.1295173200054 -7.59381590839628
-26.9666057335576 3.05755862126498 -12.9849465758003
-23.7940972920534 2.57961394760621 6.82060538859521
-27.622099424231 2.99462308077175 -7.59424215717451
-26.9971676115147 2.92687170526887 -12.9869495239216
-23.8739273714522 2.46976248074301 6.82247285703499
-27.5978949542002 2.85500765939644 -7.59141557851575
-27.0254793268071 2.79579115019248 -12.9887486577439
-23.84796806812 2.34881984224597 6.82142723312661
-27.6266139921751 2.720983982096 -7.5925169759861
-27.0256949773552 2.66179862502238 -12.9870874315838
-23.8415443974861 2.23007613819559 6.82093912667521
-27.5972796489399 2.58137785867182 -7.58941590899375
-27.0454000273966 2.52975647229511 -12.9879646833138
-23.8725572771961 2.11482089049555 6.8215008386023
-27.6421298948451 2.44875959791921 -7.59179503673227
-27.0488292055258 2.39620030661461 -12.9868740150655
-23.916733587672 2.00046252653942 6.82244254699298
-27.6560649574687 2.31323066656032 -7.59195945825339
-27.0616685983107 2.2635136917047 -12.9870505805611
-23.7879887144806 1.8721553137544 6.8186249312168
-27.6515204584946 2.1762218563794 -7.59082128097182
-27.0881270780642 2.13188183572584 -12.9890222909442
-23.9065678170811 1.76345438467987 6.82165225950068
-27.6611243829586 2.0404071153807 -7.59076679949393
-27.0983320731308 1.99889306058105 -12.9890306584221
-23.9237617587563 1.64668999658072 6.82189546900044
-27.6923370539876 1.90608378684647 -7.59233990139542
-27.0974869517281 1.8651398198093 -12.9877320191815
-23.892619608831 1.52674704608546 6.82082106963596
-27.6930285193512 1.76959455184448 -7.591731370166
-27.1025089007113 1.73186013434759 -12.9872536029035
-23.8984977344664 1.40936816146941 6.82078419664066
-27.6697365349085 1.63176975146457 -7.58942069099944
-27.1252177312239 1.59965779724213 -12.9890795066162
-23.9265940303776 1.29320038646569 6.8213768830076
-27.7505548765742 1.49988035260933 -7.59475997083704
-27.1082818066422 1.46516635273128 -12.9860073086258
-23.9182768715499 1.17502959461316 6.82097990293159
-27.7246302094487 1.36202374321362 -7.59235505610475
-27.1237550138771 1.33250463775058 -12.9870881098254
-23.9272864517245 1.05776338821255 6.82107750916707
-27.7400014055172 1.22631364550768 -7.59301314788718
-27.130858805173 1.19938502816761 -12.9871997945821
-23.9353519390708 0.940422538952338 6.82116415512666
-27.7090392000349 1.0886911152491 -7.59033974495255
-27.1354952901515 1.06615651365618 -12.9870838142962
-23.9371091714115 0.822830930708 6.82109346510363
-27.7433576588863 0.953669578057921 -7.59247735948206
-27.1450214815869 0.933101951862207 -12.9876635103405
-23.9353588368255 0.705158414988312 6.82094182083255
-27.731560938735 0.81699813610581 -7.59130008720505
-27.1494387693155 0.799848263855476 -12.9876840855271
-23.9418724896705 0.587739980329003 6.82103448947587
-27.7597597823212 0.681463852730755 -7.59308813770599
-27.0640696216136 0.664385617870646 -12.9765231497229
-23.9083707590778 0.469500099331237 6.82004080075401
-27.7097087654806 0.544148789933464 -7.58921958629584
-27.1583928268361 0.533322335443327 -12.9879863900137
-23.9573820471909 0.352827077598579 6.82133413855904
-27.727211091483 0.40834640613472 -7.59032512974837
-27.1578622897203 0.399961446815522 -12.9876325346332
-23.9470057109767 0.235106732271298 6.82100897618238
-27.7951209750276 0.272886729322019 -7.59515373205516
-27.1031631565456 0.266093231064393 -12.9805671529404
0.946555013617941 -21.4116816724248 6.75176280743653
1.18523462527786 -26.8107676135859 -7.52521270159185
1.18785137231169 -26.8699601102707 -12.9544483524832
3.67442368800018 -23.199398125669 6.80835798016366
4.717587447875 -29.7856748946328 -7.76721652761464
4.73097335410814 -29.8701901803875 -13.3741129921018
3.78091039547504 -23.1361159742485 6.8071034901784
4.86688123977725 -29.7813798843635 -7.76863619342229
4.89331893804358 -29.9431572314051 -13.3863820061137
3.9083416256548 -23.1998359717663 6.80940835917777
5.0158652939932 -29.7740738202797 -7.76988860739508
5.04129509941793 -29.9250246252899 -13.3871766222003
4.02217600978567 -23.180371513977 6.80940835917777
5.16099287282487 -29.7435348134958 -7.76947735570458
5.18931442454464 -29.9067559378621 -13.388047012817
4.11155576251525 -23.0239498259833 6.80559400152621
5.30761928032444 -29.7216837285102 -7.76976177462427
5.33600962085349 -29.8806643707875 -13.3880140978365
4.22088382568797 -22.9836666368231 6.80503970498697
5.45432392663193 -29.7000268275623 -7.77011415998281
5.48408321699592 -29.8620728912117 -13.389029251086
4.32671339039291 -22.9258980376143 6.80400958147506
5.60130952104471 -29.6795834089042 -7.77061028252192
5.63131200034336 -29.8385571423629 -13.3895096103826
4.46078020961012 -23.015738021805 6.80713147485908
5.74686606519699 -29.651396748493 -7.77058549577793
5.77746203777359 -29.8092590183776 -13.389344039929
4.57362926461469 -22.9931870243399 6.80712136484023
5.89318243341463 -29.6270287818077 -7.77089756963701
5.92740232355394 -29.7990637869213 -13.391712639769
4.69849940160178 -23.0295620262652 6.80878177478507
6.04004589428033 -29.6051142448579 -7.77144588325687
6.07105795451493 -29.7571189816238 -13.3901140133391
4.78587610708219 -22.8837551182221 6.80533776798316
6.18823271029606 -29.5891491523215 -7.77249147284224
6.22103155061488 -29.7459774139029 -13.392550683048
4.92416614676722 -22.9814136224013 6.80875545807417
6.33215046594067 -29.5525708596572 -7.77205570667297
6.36314303034077 -29.6972152360793 -13.3902591743022
5.04298348015161 -22.9846188696463 6.80953511582309
6.47769809372541 -29.5236782795166 -7.77224572146247
6.51374274789561 -29.6879605226869 -13.393127229251
5.1355164378942 -22.8694932247472 6.80699320634416
6.6228969086164 -29.4930992455179 -7.77236330124942
6.66969270378427 -29.7014903846527 -13.3990220033743
5.35070569070491 -23.2923435321887 6.81965581541808
6.7793618370659 -29.5114764230559 -7.77619578573547
6.81945285858027 -29.6859980468655 -13.4012873840094
6.41130494519301 -23.1674791831977 6.82348879697218
7.7173950294233 -27.8870823055657 -7.67816164445237
7.08555092959762 -25.603891105822 -12.9130654644207
6.52441186983071 -23.1338194879217 6.82343397111754
7.77373061415579 -27.563569615705 -7.65655456902016
7.53356939695056 -26.7120221723997 -13.0620303936676
6.65049745741022 -23.1453890015999 6.82469069579263
7.89045358573927 -27.4607454270227 -7.6516754198438
7.62809218799977 -26.5476623608954 -13.0454512419923
6.7638462843367 -23.1118317168299 6.82467222152833
7.98818013758488 -27.2953386730742 -7.64207959225677
7.81950215188295 -26.7189717575657 -13.0727710674544
6.87439348558142 -23.0688855195052 6.82440021256124
8.11266150094999 -27.2242285543368 -7.63967840514644
7.93691088611146 -26.6344498600859 -13.0667755273967
6.99637583713286 -23.063960198718 6.82523721151055
8.21570782825343 -27.0835590834677 -7.63202163480064
8.06293180076841 -26.579924015933 -13.0647776258404
7.11439438627728 -23.0451735699197 6.82569317629331
8.35430402509005 -27.0615284816705 -7.63344242846125
8.17980759646303 -26.4962940756616 -13.0590378892329
7.23246846159234 -23.0260112900846 6.82615600374847
8.47987896654102 -26.9973923645891 -7.63170033335139
8.30936115607699 -26.4545147772542 -13.0588659899234
7.34162247262497 -22.9783786635495 6.82581349095381
8.60424429397315 -26.9302302369559 -7.62977107887846
8.43773704756556 -26.4090829602545 -13.0582966057831
7.45743268989028 -22.9516178192679 6.82609044486611
8.71911512892929 -26.8346770910414 -7.62570950092566
8.57843152379438 -26.4016974755672 -13.0628263087427
7.58577955006904 -22.9624824364892 6.82747485993033
8.85139880800154 -26.7935666104675 -7.62586399520357
8.69940639523703 -26.3334790103008 -13.0594198785008
7.70326057037251 -22.9394300712368 6.8278940384422
8.98069356928011 -26.7434796268024 -7.62537840536757
8.82992663839419 -26.2945129280237 -13.0599562099433
7.82155492345773 -22.9182883683186 6.82838766665938
9.11389321059943 -26.7050266606374 -7.62583690460849
8.95850990463648 -26.2497310770187 -13.0598076056007
7.92831913724817 -22.8633512004672 6.82791350741111
9.24628748926724 -26.6640525574224 -7.62615207937803
9.08533026341957 -26.1998909212543 -13.0590710352318
8.04331833251689 -22.8322904986541 6.82815104282917
9.37912591037167 -26.6242014248427 -7.6266047695718
9.21747563168464 -26.1653303507923 -13.0604475428366
8.16405759959557 -22.8170124546977 6.82886614346569
9.51179546957575 -26.5836874676874 -7.62705737935804
9.36402820794234 -26.1707056375184 -13.0672321260023
8.28232258679143 -22.7941690356557 6.82937862448973
9.64541996603221 -26.5456133616742 -7.62775048351078
9.4897045519137 -26.1170616560771 -13.0662496202773
8.40593927720156 -22.7852954337218 6.8303193259649
9.7801500528317 -26.5102567352934 -7.62870689497511
9.61571943069007 -26.0645480309717 -13.0654988227722
8.52102169794554 -22.752669150879 6.83058128792304
9.91804480244976 -26.482973522781 -7.6303449056448
9.74958049804628 -26.0331433594862 -13.0676562534426
8.62540919865895 -22.6916357953464 6.8300239920954
10.0494713726108 -26.4380435838916 -7.63066260166037
9.88097063279004 -25.9947536099094 -13.0689686364656
8.75328892400794 -22.692048245087 6.83129336607797
10.1772424320952 -26.3835089045942 -7.63028085939872
10.0217759046362 -25.9804770873857 -13.0736113632642
8.86362673323749 -22.646391389303 6.83122192496888
10.3192042587681 -26.3653632427804 -7.63279585137873
10.1504777604451 -25.9342703692006 -13.0740558382047
8.9833244793076 -22.6243686203782 6.83186682079944
10.454382779521 -26.3292069931605 -7.63395780680484
10.2771956583011 -25.8829638729777 -13.0738982065199
9.09852380774177 -22.5905538974657 6.83217958803572
10.5824511401685 -26.2749692038899 -7.63375325979579
10.4145291202973 -25.8580387742259 -13.0773910515497
9.22888713147177 -22.5935596581098 6.83360494303841
10.7131211780897 -26.2271646639076 -7.6341043025293
10.5485440317538 -25.8242576263494 -13.0797824149765
9.32493306022944 -22.5123798622272 6.83254477476002
10.8502050748997 -26.1947122463523 -7.63571787463087
10.6763048013475 -25.7748798474421 -13.0801507122069
9.44624156940063 -22.4923221354384 6.83332049001623
10.9900903903345 -26.1683603516688 -7.63787023090971
10.8030384011967 -25.7229733091237 -13.0802610219516
9.5540597592029 -22.4398656166776 6.83314578774613
11.1197277485454 -26.1171902479515 -7.63811522693253
10.9367218864024 -25.6873596778008 -13.0826770655141
9.67696905828553 -22.42252608864 6.83404098677882
11.2527799673111 -26.0738409792395 -7.63903211702146
11.0731121266195 -25.6575322341219 -13.0859781171804
9.78746361872091 -22.3760010197867 6.83407835850642
11.3826231563998 -26.0228387330378 -7.63939400874861
11.2081976048054 -25.6240687889138 -13.0888801037463
9.90607118308189 -22.3477385036699 6.83468203585021
11.5115245439122 -25.9695832516613 -7.63962779638258
11.3337763937356 -25.5685898501156 -13.0888592066799
10.0264432536727 -22.3228719050392 6.83540724178459
11.6435756036866 -25.9232551505766 -7.64046615777029
11.4657850147891 -25.5274222074811 -13.090890437898
10.1255383355563 -22.2506183230978 6.83471812095426
11.7833142968481 -25.8935397123124 -7.64268867864079
11.5857848864992 -25.4594737523993 -13.0893253878659
10.2441210942154 -22.2212164424279 6.83534156266953
11.9035890069921 -25.8208806137053 -7.64152433339423
11.7243162441803 -25.4320079297498 -13.0934285252704
10.3609838934669 -22.1875989592511 6.83585594990538
12.0351806456833 -25.7728189054457 -7.6423835845369
11.8459963201228 -25.3676888533125 -13.0925342122056
10.470326406121 -22.1376452112936 6.83589200656864
12.1662113425045 -25.7232926481192 -7.64317876598611
11.9795119467129 -25.3285499414561 -13.0952138402045
10.5877037049906 -22.1044298645816 6.83645537932676
12.3098251126316 -25.6997809373127 -7.64613031796112
12.094110418921 -25.2494235745883 -13.0924303584828
10.6952927470967 -22.0505672194036 6.83640526283302
12.4359145607438 -25.6392205842967 -7.64614447472869
12.2288649475351 -25.2123448061607 -13.0955793290096
10.8067936413991 -22.0047034834718 6.8366171193835
12.5655622861118 -25.5858935947247 -7.6467962821089
12.3470859046435 -25.1410338007953 -13.0940453323898
10.9195103765545 -21.9611089524582 6.83691612424493
12.6848908881042 -25.5116082349107 -7.64579528976263
12.4878718760782 -25.1153673926383 -13.0989816522193
11.0466973786472 -21.9460184736459 6.83811104613604
12.821225121299 -25.4713996158423 -7.64762043680284
12.6216530643054 -25.0749180341099 -13.1019515356895
11.1425326802518 -21.8684516961966 6.83739743838852
12.9602280617485 -25.4358797477303 -7.64988841955
12.7452897506378 -25.0140395603089 -13.1021457407336
11.2700855966186 -21.8529344527725 6.83861965853876
13.0853198772678 -25.3727121342618 -7.64995050104471
12.8761225451946 -24.9670740806466 -13.1043891802916
11.3768200815897 -21.7965838200799 6.83859576713701
13.2164153500673 -25.3210214201155 -7.65100685063155
12.9980481674279 -24.9026568361789 -13.1042602790904
11.4944470121956 -21.7608662945485 6.83923019965343
13.3487627642526 -25.2713889935155 -7.65228860267922
13.1223983682246 -24.8428442057075 -13.1048688991839
11.6062506326116 -21.7137676878636 6.83952953483622
13.4660148244365 -25.1931417677258 -7.65126227564182
13.2637646398212 -24.8147582860505 -13.1100773981076
11.709765755602 -21.6511133766785 6.83935960471236
13.6018632426143 -25.1495622838596 -7.65315378835992
13.3747165213874 -24.7295727198435 -13.1072574275198
11.8306392992557 -21.6203012727182 6.84020504262445
13.7418302743946 -25.112971755437 -7.6556864516847
13.4972839847263 -24.666067380786 -13.1076070075833
11.9405899153149 -21.5691300798912 6.84043037238117
13.8580857431828 -25.0328380903208 -7.65465529438251
13.6268732644811 -24.615182675925 -13.1098527786726
12.0432037159194 -21.5046876028402 6.84025483098277
13.9920630924159 -24.9846264182921 -7.65633583140063
13.7535885045536 -24.5587994013153 -13.1114056898328
12.1566101043494 -21.4594179376582 6.84070059600551
14.1189517160643 -24.9234353257935 -7.65698870152226
13.8739487802805 -24.4909446602374 -13.1113990073795
12.2954441221978 -21.4581989572173 6.84256328178881
14.2412390234793 -24.8540302673086 -7.65700560272423
14.0133218164414 -24.4562656379233 -13.1162727852156
12.3549748346872 -21.3188094703652 6.84005667817199
14.3694314547763 -24.7948033468904 -7.657930550255
14.1433780102983 -24.4047426322853 -13.1188179571633
12.4651111854048 -21.2675234474359 6.84036439587857
14.4921408645365 -24.7259684294637 -7.65809947196621
14.2614215024355 -24.3323233692409 -13.1184255649513
12.5982461916741 -21.2548186711013 6.84192380182247
14.6190766616575 -24.6642126892082 -7.65891970700908
14.3822818262589 -24.2647101543255 -13.1188170344028
12.7245683881282 -21.2296597901461 6.84310950521094
14.7448098253704 -24.6002289991278 -7.65960589607509
14.5101307585177 -24.2086906304238 -13.1209914184265
12.8276692845579 -21.1653649320009 6.84305807137976
14.8678661952132 -24.5316438084873 -7.65995444927798
14.6316986299683 -24.1419726536869 -13.1216952943073
12.918630969587 -21.0812897431147 6.84238470373135
14.9897986069618 -24.4611281464914 -7.66019057962229
14.7548895523054 -24.0777914093286 -13.1228620483553
13.017918802514 -21.0111033963163 6.84217354007882
15.1212336875329 -24.4058830991679 -7.66178812324947
14.8651186706597 -23.992509872425 -13.1210084951769
13.121715632209 -20.9482517740471 6.84221643257435
15.2477424820526 -24.342361734759 -7.66273413220123
14.9845621868775 -23.9222057704151 -13.1214455828107
13.2287139699386 -20.890422210719 6.84243870882216
15.3709785962012 -24.2734277418244 -7.66326958985886
15.1135311025077 -23.8668737220936 -13.1241933938736
13.3479407582795 -20.8515426626477 6.84329859109287
15.4925052880655 -24.201683301974 -7.66361576771434
15.2279262731812 -23.7883700638943 -13.1235935970168
13.4498216773306 -20.7852870269565 6.84328310391129
15.6246316385098 -24.1462274436153 -7.6654289719354
15.3420032060765 -23.7094548803028 -13.1230141686718
13.5504298081983 -20.7170904118892 6.84321924031063
15.7353222894284 -24.0575464501555 -7.66441049692288
15.4738517582463 -23.6577872756336 -13.12659982761
13.6601756789512 -20.6627514234663 6.84362960633546
15.8493217573625 -23.9741130275172 -7.66389465595511
15.6036331598817 -23.6024778057866 -13.1297467723457
13.7646683001329 -20.6002818991579 6.84378938293757
15.9721075777799 -23.9039482428185 -7.66458932355004
15.7187861517264 -23.5248259367802 -13.1296300806736
13.8684622576681 -20.5366705718979 6.8439296256652
16.0986001718919 -23.8390992639464 -7.66580678564186
15.8425611401052 -23.4599520195253 -13.131532066904
13.9629579352945 -20.4593413213433 6.84362945909503
16.2300619246846 -23.7812344721254 -7.66769939589389
15.9685994780336 -23.3981244274245 -13.1339950678821
14.0769316834373 -20.4104370974288 6.84429362671416
16.3690350328223 -23.7338055903279 -7.67057954967676
16.0730229360352 -23.304611472077 -13.1317333907669
14.1947302615817 -20.3666009204202 6.84515032997819
16.4577493204804 -23.6135809755917 -7.66706218597202
16.2063472037647 -23.2528691841493 -13.135927461819
14.2799977314498 -20.2760388808019 6.84445479139835
16.5838239114377 -23.5472207169983 -7.66837373355608
16.3162309985964 -23.1672679742154 -13.1350425971859
14.3922691988094 -20.2238448961762 6.84506775219197
16.6940809084282 -23.4583232367692 -7.66772881856957
16.451460968396 -23.1173965928779 -13.1397372563375
14.4928766521511 -20.1550503522899 6.84513938043109
16.8465356276411 -23.4282525123373 -7.67241166277565
16.5600093847659 -23.0297842861175 -13.1387211413484
14.5721785185949 -20.0568830548725 6.84422816509834
16.9733989670836 -23.361879467238 -7.67390769808344
16.6500905066867 -22.9168835476123 -13.1338637338326
14.7148662773214 -20.0456086824077 6.84629415660479
17.0939522438768 -23.2865641493886 -7.67465674954539
16.7918525782086 -22.8750230883322 -13.14010940062
14.7997017486649 -19.955087774231 6.84567577756682
17.1853529249322 -23.1717660174535 -7.67187899889668
16.9061822520663 -22.7953479398707 -13.1405820172123
14.9007032439248 -19.8865050560956 6.84582325716278
17.3024729329953 -23.09191115562 -7.6723145994989
17.0368232369551 -22.7373745987223 -13.1445450480842
15.0103871329541 -19.8292997389611 6.84638189834803
17.4408606427744 -23.0400488893294 -7.67536342314029
17.1257873241968 -22.6238248960049 -13.1398818994653
15.1004885649561 -19.7461546678508 6.846062063529
17.535988303834 -22.9309360297598 -7.67323238682683
17.257317521613 -22.5665321667009 -13.1441518101047
15.1918518698149 -19.6648246742264 6.84581972207985
17.6538828248232 -22.8517572146202 -7.6738934383226
17.3690000197486 -22.4829956928189 -13.1443810802716
15.3029459237461 -19.6089130269838 6.84647929207081
17.7608113629936 -22.758376527044 -7.67329729193527
17.4868220467107 -22.4072916640323 -13.1459442675103
15.3958411959823 -19.5295314545309 6.84633869909692
17.8810639744458 -22.6820215202368 -7.6743277736702
17.5986825989179 -22.3238224530117 -13.1463656435504
15.4844633382435 -19.4448599323148 6.8460267923427
18.0131334845004 -22.6202774934488 -7.67677865582034
17.7101635504824 -22.2398182032561 -13.1467907534034
15.6067623429495 -19.4022280314773 6.84721418279743
18.1343823525325 -22.5445492077211 -7.67799156462807
17.8173129859319 -22.1503705807005 -13.1464293503601
15.6835367200288 -19.302889379127 6.84641618351352
18.2254073224283 -22.4313576532193 -7.6757465647246
17.9391987450608 -22.0790995747703 -13.1490884440682
15.7764088973842 -19.2236098625802 6.84634308263111
18.3272048173661 -22.3317636841335 -7.67481676534795
18.052608187232 -21.9971667222006 -13.150125402065
15.8884668950443 -19.1675121195553 6.84711399310993
18.4543734257553 -22.2629677635727 -7.67684633916577
18.1567146211319 -21.9038784453396 -13.1494073480225
15.9774728637551 -19.0834479329493 6.84690418756744
18.5726143735818 -22.1830775366871 -7.67788878622854
18.2465653330478 -21.7936454943561 -13.1459982410526
16.0600335165277 -18.9918730740113 6.8464393306949
18.6708247665065 -22.079277343206 -7.67670839144124
18.3913377107074 -21.7487685255186 -13.1533812704721
16.1633029221211 -18.924796213311 6.84687324877663
18.7708022635732 -21.9777856858889 -7.67579045182283
18.5017624155965 -21.6627804966184 -13.1541319973213
16.2592925565815 -18.8490386497159 6.84701143837891
18.9034298447487 -21.9143285918446 -7.67857715491182
18.5847511134266 -21.544891379086 -13.1496919643234
16.3372923619337 -18.7525519787105 6.84641138747459
19.0088214683761 -21.8190324775188 -7.67836055631581
18.7014253968835 -21.4661918304268 -13.151818864541
16.4493911968483 -18.6951394321776 6.84725436838063
19.1239721023798 -21.7348666994779 -7.67927380688002
18.8167508456011 -21.3857021520929 -13.1537514049746
16.5334204052181 -18.6056816942705 6.84694210869311
19.2378687079187 -21.6490993928113 -7.68008987857157
18.9104897359716 -21.2806874855255 -13.1516725674097
16.4459364065798 -18.3252737831469 6.83958031881927
19.3303143357418 -21.5392601405799 -7.67860652515379
19.0451324418685 -21.2214894673859 -13.1573824247257
16.7278995244967 -18.456392976435 6.8474588751878
19.4543756197081 -21.4645957804025 -7.6806215065501
19.1460203998732 -21.1243782231848 -13.1568123064304
16.6243539768461 -18.1621764264493 6.83955236672747
19.561070050299 -21.3705510504935 -7.68079047844932
19.2502203987688 -21.0309465027887 -13.1569492045659
16.7149688173697 -18.0821513940345 6.83961941043526
19.6693562809899 -21.2781897460955 -7.68117919645959
19.346699634237 -20.9291417521313 -13.1557439027663
16.9875863134925 -18.1970475228154 6.84704462690081
19.7767806160276 -21.1848234397085 -7.68152236770126
19.4553233846431 -20.8404794930108 -13.156868921585
17.08364144307 -18.1207976710377 6.84732283444445
19.879309744021 -21.0861923619581 -7.68139241622104
19.5632810133386 -20.7509773724599 -13.1579460945164
17.192493328732 -18.0578404519269 6.84812585861591
19.9901936033031 -20.9963569442432 -7.68219764187931
19.6577523643967 -20.6471829915751 -13.1566450161361
17.244059146051 -17.9348848773307 6.84666175350522
20.0973107402164 -20.9024424827646 -7.68264911568046
19.7685159128391 -20.5604755869585 -13.1583909845194
17.365542242528 -17.8846821736335 6.84799081217058
20.1851505344343 -20.7885821757532 -7.68112953305852
19.8894860787394 -20.4840788814538 -13.1620424469001
17.4249769354969 -17.7705190104599 6.84688427456379
20.2992851441819 -20.7018255397848 -7.68241350425169
19.9801441960382 -20.3763559390503 -13.1603133850983
17.5095789162153 -17.682328173691 6.84678969057051
20.3916954092226 -20.5928795871786 -7.68148481059136
20.0928731716232 -20.2911091736174 -13.1626211467249
17.6060425526309 -17.6060425526309 6.84717461280383
20.5051810602276 -20.5051810602276 -7.68278850209286
20.2091728783107 -20.2091728783107 -13.165625304892
17.686423927281 -17.5136346559347 6.84694868681209
20.6089202788631 -20.40757938978 -7.68313031967469
20.2829309377746 -20.0847748338661 -13.1611777431188
17.7731202243011 -17.4275275695645 6.84698459575883
20.7034707981564 -20.3008984110291 -7.68258146609048
20.3924383054802 -19.9959138459817 -13.1631381182517
17.8593403013387 -17.340935970548 6.84701921411474
20.8125520229183 -20.2084246071548 -7.68356488438206
20.4919652719243 -19.8971435503973 -13.1634210066538
17.9398202264166 -17.2488043926543 6.84685006307357
20.9042678329537 -20.0990657805659 -7.682833694867
20.5817869970755 -19.789006438374 -13.1620986426459
18.0261939335856 -17.1623633385535 6.84692315920342
21.0169238113487 -20.0097748885873 -7.68426761635068
20.6758160250906 -19.6850132785136 -13.1616031148833
18.1054700117365 -17.0691910728149 6.84674294123799
21.108147299912 -19.9000080761097 -7.68359184208277
20.7861720905215 -19.5964613376803 -13.1640121386633
18.2051947314073 -16.9951920203521 6.8473509440339
21.224131930527 -19.8134764800019 -7.68544216414943
20.8661356645265 -19.47927432655 -13.1612706167036
18.2734965837216 -16.891846491341 6.84679249728451
21.3053738723823 -19.6944850288534 -7.68387763257253
20.9738095891595 -19.3879901580688 -13.1633724641837
18.3396828007959 -16.7868305837789 6.84617623635144
21.4185534329609 -19.6050079891855 -7.68553397487283
21.0658542590536 -19.2821724557833 -13.1628840400189
18.4497303662269 -16.7218608865963 6.84721140667621
21.5196156774402 -19.504242747628 -7.68603420476411
21.1765995284374 -19.1933510320514 -13.1656510946018
18.5204751403777 -16.6211190066046 6.84680088608665
21.6138231301553 -19.3972305629891 -7.6859094136519
21.2480029520855 -19.0689268521701 -13.1618501774824
18.5876833288052 -16.5174266594508 6.84627974718559
21.7056098871163 -19.2880851834558 -7.68560045047487
21.358064279011 -18.9792484666284 -13.1646541983655
18.7358530887185 -16.4852141371332 6.84874775457059
21.7960578220297 -19.1778126589736 -7.68521496247279
21.4580777354668 -18.8804323328848 -13.1658413839622
18.7503960063669 -16.335414070886 6.84633235691689
21.8960615861337 -19.0759295115507 -7.68580737676912
21.5323687479777 -18.7590789712273 -13.1628259796423
18.8272614676956 -16.240507430183 6.84622033161736
21.9871012351054 -18.9662039585314 -7.68558260547698
21.6476712238186 -18.6734096172094 -13.1667146015227
18.9205473973367 -16.1596740904613 6.84671902691255
22.0855225952682 -18.8628182769856 -7.68611812770362
21.717050985375 -18.5481137918342 -13.1630826103781
18.9698754563256 -16.0414317453417 6.84564548832998
22.1775776203864 -18.7539500980655 -7.68609224218591
21.8153958495401 -18.4476795498051 -13.1643241012388
19.0569389240853 -15.9552783960018 6.8459525466668
22.2622565654914 -18.6389064183184 -7.68541614696943
21.9177397983229 -18.3504623531849 -13.1662954054603
19.1313973909417 -15.8585304240813 6.84582334246825
22.3692382752244 -18.5424639142738 -7.686907992295
21.9850811048777 -18.2240256920634 -13.1626348485011
19.2005311717165 -15.7574687052723 6.84552119080602
22.4592486349467 -18.4318290126483 -7.6868382236976
22.1002992273023 -18.137246846814 -13.1668572829897
19.2848040194483 -15.6688424223491 6.84577528151118
22.5406285707021 -18.3141895981339 -7.68600927346472
22.1909130773072 -18.030046863101 -13.1671561339988
19.3488552657281 -15.5638303627004 6.8453290298246
22.6348351544162 -18.2070065537681 -7.68643762384423
22.2796006559534 -17.9212630616016 -13.1672286411097
19.4496298808356 -15.488261776147 6.84619418071912
22.7143737112347 -18.088064825721 -7.68554664329026
22.3801974872526 -17.8219513383122 -13.1692958944492
19.5091644947542 -15.3797851795286 6.84562483201417
22.8237517642967 -17.9927950897209 -7.68748308639806
22.4466328532582 -17.6954985119782 -13.1659777730052
19.6043554770479 -15.2993891768669 6.84632110250539
22.9026916162602 -17.8734359640216 -7.68664105249716
22.5676300027528 -17.6119513143844 -13.1714510007812
19.6785706647783 -15.2024711891186 6.84629830690827
22.9894916026896 -17.7602880664459 -7.68658028165784
22.6484120614651 -17.4967906820579 -13.1705955235298
19.7592184007564 -15.1104788011654 6.84651477655232
23.0908836502253 -17.6583051424519 -7.68790982912601
22.7245985887784 -17.3781957502724 -13.1691071324536
19.829475972864 -15.0105205385278 6.84638765799688
23.1808038462732 -17.5474093571729 -7.68823151896559
22.8094329201229 -17.2662889220177 -13.1690762150563
19.9218939687986 -14.927219702439 6.84704038918944
23.2509023774898 -17.4216030168783 -7.68679625413581
22.9222156287257 -17.1753222506135 -13.173511438633
20.0158406852999 -14.8447591783467 6.84775705920958
23.3024882345801 -17.282303128674 -7.68374229131041
23.0285151690931 -17.0791108549918 -13.176988129559
20.1003967949108 -14.7550845496544 6.84816495747
23.4247139878982 -17.1953638014957 -7.6871487854442
23.1430338094289 -16.9885910252325 -13.1818045920549
20.1645636630191 -14.6504130598549 6.84789219971495
23.5836189103681 -17.1345021026539 -7.69388647557978
23.1451918936097 -16.8159662295524 -13.1692552125272
20.2739094384712 -14.5783445644065 6.84916933129617
23.6880316909372 -17.0333348430457 -7.69573493070106
23.2998131935961 -16.7541788648812 -13.180431726657
20.3770401775637 -14.5012903933961 6.85024426963611
23.7821542329564 -16.9245347561497 -7.69670081732182
23.427939990319 -16.6724587161947 -13.1875378515943
20.4785554319641 -14.4226259789186 6.8512731990554
23.89112542768 -16.8260289356656 -7.69903491683551
23.5186965127279 -16.5637349002326 -13.1889488043284
20.5801854295077 -14.343590373605 6.8523162955143
23.9772367881244 -16.7112033056165 -7.69937298663183
23.6452844554012 -16.4798454152586 -13.1959140345011
20.650346134717 -14.2423952211374 6.8523162955143
24.10556008233 -16.6254314324655 -7.70349769507905
23.7965254037289 -16.4122924370724 -13.2066743451723
20.8209992031388 -14.2097798496056 6.85568228252602
24.2589926146515 -16.5561191883355 -7.70986172776092
23.931073139748 -16.3323228420932 -13.2149145146488
19.7332652914947 15.2447249432667 6.84820086628911
24.7216638146949 19.0984593491161 -7.84613228454831
24.8943704257237 19.231882010907 -13.5265249190424
19.6951723835157 15.3702633863005 6.84949207607077
24.6706605703207 19.2531724778008 -7.85011220809134
24.8169045528418 19.3673024019385 -13.5292671441938
19.6194867984047 15.4667562710437 6.84949207607077
24.5834605925022 19.3800376732563 -7.85081816070469
24.6985174539057 19.4707411891497 -13.5255910648479
19.5433284687029 15.5628764740017 6.84949207607077
24.4941598377538 19.5053562395922 -7.85138904188646
24.6006352003619 19.5901454257561 -13.5252691014234
19.4666992294958 15.6586216790941 6.84949207607077
24.3680078305085 19.6011358265085 -7.84857225929896
24.5355114353927 19.7358723603114 -13.5303124210643
19.474482265108 15.8229553985137 6.85250216883113
24.2784546577834 19.7261678110555 -7.84922564780773
24.4346175529516 19.8530496706866 -13.5297112444456
19.0823783681899 15.6605032053411 6.84131336135164
24.1847599793883 19.8479195763658 -7.8495489015207
24.3193163408435 19.9583471283831 -13.5268633749285
19.0751429730388 15.8118996223906 6.84381175764076
24.095353024813 19.9732869070975 -7.85033590472051
24.1904531805556 20.0521179868331 -13.5218787495344
18.9939180507926 15.9025146451104 6.84369002069905
23.983123016196 20.0796888762309 -7.84901480127163
24.096207517516 20.1743680221326 -13.5226108529864
18.913328020981 15.993613728479 6.84360755284632
23.8916333621811 20.2034012688448 -7.84971785658286
23.9953676818437 20.2911217714042 -13.5223613357743
19.0158099354286 16.2410359842939 6.85016803717318
23.7834394310534 20.3129762519529 -7.84888068376317
23.9262792807066 20.4349730086562 -13.5274417322273
18.7469892109538 16.1712641053218 6.8433013907844
23.6855866498777 20.4313275531656 -7.84908711865222
23.8892298136453 20.606991354295 -13.5379667544598
18.1562458307785 17.2861830378598 6.85186606498309
21.8226600629075 20.7768995714373 -7.76536180842328
20.7487512947758 19.7544534278399 -13.1742325929669
17.9927031671449 17.4704277030405 6.85213569895449
21.2908767970332 20.6728650143087 -7.73216297779924
20.6469533019921 20.0476327319829 -13.1905132818022
17.9146368998738 17.5662924985117 6.85244075387999
21.1694379617086 20.7578049916876 -7.73015132074636
20.263018294358 19.8690103657024 -13.1404065757436
17.8372577052494 17.662994848361 6.85279174181827
20.9576148471597 20.7528673519348 -7.71890060257307
20.4246456076546 20.2251050082342 -13.1861894289494
17.7575139699929 17.7575139699929 6.85307062989724
20.7837396532485 20.7837396532485 -7.71150392126517
20.2994252519262 20.2994252519262 -13.1816322404133
17.6794456400364 17.8538708002022 6.85343522692255
20.6305184659476 20.8340588687971 -7.70622580720299
20.1595891315509 20.3584833522603 -13.1745122359871
17.586096539117 17.9348336600395 6.853219297799
20.4818557357598 20.8880165563006 -7.70142145220744
20.0746662437824 20.4727523849431 -13.1772446145769
17.5036187390784 18.0268864435586 6.85344712468776
20.3555717227108 20.9640980764611 -7.69896205731901
20.0021088972565 20.6000685399711 -13.1823177142324
17.4401899990143 18.1388730589414 6.85445121656411
20.2439644322534 21.0549713659726 -7.69807281758429
19.883085477834 20.6796349995553 -13.1791217743653
17.3354030101638 18.2079431843804 6.85383071462094
20.1274651741465 21.1405377839549 -7.69670887764182
19.7499306976579 20.744000922711 -13.1734100180983
17.260974211686 18.3088963987735 6.85443907618283
20.0063994367269 21.2209977320704 -7.69489709648695
19.6730551576381 20.8674159587526 -13.1780150606497
17.1676897927754 18.3899737873861 6.85430953093427
19.8936911207359 21.3100575942749 -7.69401057022539
19.5776037225605 20.9714657955453 -13.1793415562144
17.0852000094804 18.4826652412146 6.8546340506981
19.7903147690323 21.409041901255 -7.69416825401518
19.4719158832442 21.0645999271528 -13.1788780206549
16.9931737951909 18.5651136244709 6.8545891578038
19.7109457944328 21.5342909293962 -7.69697091554506
19.3649973578984 21.1563408119032 -13.1782680938605
16.9222135762869 18.6707854944813 6.85542370913895
19.5831829666486 21.6067127873766 -7.69460256633472
19.2690443882502 21.2601142772954 -13.1797864972076
16.8248038091551 18.7474357511893 6.85519505865931
19.4818493059357 21.7081115667239 -7.6951442625071
19.1803001211922 21.3721032523966 -13.1827621573712
16.7405311490411 18.8387512274094 6.85552519832701
19.3834839317217 21.8129656973943 -7.69606915932355
19.0397778630984 21.4261802922899 -13.1760821331085
16.653179590987 18.9267499761478 6.85574654810659
19.2762744778623 21.907962111425 -7.69607995018785
18.9615857640842 21.5503106146972 -13.1812484248438
16.56037318296 19.0086124444885 6.85575896686562
19.1657647340715 21.9991777967345 -7.69577617843356
18.8618154259805 21.6502934729067 -13.1824402359212
16.481861499441 19.1070579080315 6.85639147942942
19.0722823049302 22.1100755185319 -7.69742071145649
18.7393536828007 21.7241187221783 -13.1793760142029
16.3729276346978 19.1702352170779 6.8557574959178
18.9553378337877 22.1938490782069 -7.69650232019199
18.6419201992759 21.8268841768267 -13.1811969561303
16.296278973118 19.2712463219723 6.85651009526845
18.8449354252121 22.2851727747172 -7.69636339195322
18.5357550740637 21.9195500018913 -13.1814303152369
16.1933614752296 19.3413046735941 6.85616220211038
18.7311448485055 22.3724258829361 -7.69588968027119
18.4312038962949 22.0141772666951 -13.182068950966
16.1062861183377 19.4302846469443 6.85650947655149
18.6416808964156 22.4889315546472 -7.69824050816169
18.3243653035858 22.1061287007616 -13.1823528865754
16.0047940223725 19.5018979425702 6.85625265741384
18.5292850837326 22.5779992011529 -7.69803605510075
18.2189028383607 22.1997973408873 -13.1829995321001
15.9231074699951 19.59774683173 6.85687435230426
18.4118515428233 22.6608283539871 -7.69729841969772
18.1022935376355 22.2798324066296 -13.1815244064755
15.828487781058 19.6778756908719 6.85695239116668
18.2935546254325 22.7424311685809 -7.69650300323407
18.0054068736551 22.3842077098077 -13.1840649117945
15.7303936193515 19.7536907755155 6.85689449327761
18.1890678455403 22.8412098520957 -7.69736537224632
17.8903823827415 22.4661308544532 -13.1830724467605
15.6419621757173 19.8417344289685 6.85728157237207
18.0817483691754 22.9365884613616 -7.69795651814097
17.7982574839056 22.5769819877385 -13.1867937958715
15.5518823950916 19.9278956359652 6.85761786169327
17.96582019041 23.0210710622402 -7.69758673386137
17.6783217917173 22.6526759098653 -13.1849801622145
15.4605475917614 20.0126331118068 6.85791857376149
17.8785364740076 23.1425561679996 -7.70067920196005
17.5451899173747 22.7110615978764 -13.1805239407164
15.3462183050688 20.0674831754606 6.85719744198697
17.7412940039193 23.1994040392971 -7.69786810011654
17.459411338188 22.8308001565967 -13.1858740986696
15.2621089996899 20.1618340235297 6.85786284558172
17.6498066774432 23.3160746516244 -7.70059824283393
17.3360312941742 22.9015652808507 -13.1835677287072
15.1683383641235 20.243691363607 6.85810952942947
17.526632690052 23.3910751661439 -7.69956383898048
17.2201637190843 22.9820611323151 -13.1828898121982
15.0558104492304 20.3004103818295 6.85751046503739
17.4081770105908 23.4722095171295 -7.69914482385593
17.1174481419925 23.0802070166801 -13.1850591574514
14.9715209730259 20.3952414619134 6.85823247731276
17.3069303386373 23.5766976419418 -7.70089172776558
17.011419871145 23.1741328424209 -13.1866427572176
14.8710254545234 20.4682105744727 6.85822380418804
17.1655167565998 23.6263069193289 -7.69773267551945
16.8940984049789 23.2527316072738 -13.1859256039154
14.7695064073975 20.5397556650965 6.85818306619907
17.0656687971791 23.7329980898993 -7.69977206476347
16.7807041466699 23.3367015493651 -13.1861297644137
14.6673959981587 20.6104497907873 6.85812995582779
16.9316023113617 23.792085477184 -7.69758933015338
16.6988418107615 23.4650131999032 -13.1932443695909
14.5916994739955 20.7186213496457 6.85935658974144
16.8442814647189 23.9170420276485 -7.70134553834471
16.5475612064152 23.4957316320007 -13.1854261831357
14.48106066466 20.7774278219122 6.85893444136238
16.7287011982764 24.0023427669056 -7.70160365158427
16.4232497591543 23.5640810002833 -13.1835008658012
14.389106959773 20.8630665471063 6.85942952138735
16.5769574763362 24.0352766814661 -7.69727423508387
16.3412911498676 23.6935791552907 -13.1909909306276
14.2624469767403 20.8981701532667 6.85825419526315
16.4797478512124 24.147088871862 -7.69998618128524
16.2156834013354 23.7601662200929 -13.1889651257727
14.1600339936593 20.9684352894907 6.85827082261743
16.380468513885 24.2564950196264 -7.70251956656756
16.0772664730945 23.8075079356403 -13.1841271205653
14.0587900220868 21.0404661631592 6.85836273771903
16.2651731561499 24.3425518762459 -7.7030404835003
15.9441091014154 23.8620455617456 -13.1804929696889
13.9578679123514 21.1130487522864 6.85848853818581
16.1271592717368 24.3943775710014 -7.70061807219221
15.855738647602 23.9838193893565 -13.1870772357703
13.8507612600034 21.1762635841539 6.85832276576375
15.9913281053246 24.4489506866975 -7.69850183029073
15.7614657726585 24.0975169096484 -13.1924952373254
13.7532867243253 21.2542603900059 6.85865922124496
15.8758545162108 24.5344660200088 -7.69913675843307
15.6227430592485 24.1433088426881 -13.1878217897269
13.6374875371743 21.30385939991 6.85808279165668
15.7488370149906 24.6021130039454 -7.69827235243005
15.5096780170317 24.2285097538708 -13.1891327726602
13.5593986337206 21.4126303604087 6.85945330208071
15.6580246757061 24.7267230363191 -7.70237918965914
15.348902471725 24.2385657316447 -13.1793676325135
13.4328843120334 21.4450191200152 6.85835203711559
15.4991182414491 24.7436722680253 -7.69725169024172
15.2657365155974 24.3710884314572 -13.1878723776889
13.3421495815705 21.5344164178807 6.85912030841749
15.3962890392028 24.8498262917256 -7.69985601452205
15.1485153688181 24.449916115121 -13.1884899551125
13.2096190699563 21.5561391656369 6.85771539140665
15.2930798896658 24.9560382193465 -7.70250068516509
15.0002513002506 24.4781853916697 -13.1817540506335
13.1224043405737 21.6516711253121 6.85871106156208
15.1710297353065 25.0318568103829 -7.70259016741436
14.8917785522621 24.571098658164 -13.1846248118669
13.0090334207233 21.704261024544 6.8583400135003
15.0516302341093 25.1121279253247 -7.70310876756472
14.7483961341489 24.6062123938449 -13.179114091446
12.9101734402845 21.7810789939207 6.85876357413727
14.9398621081734 25.2054179009725 -7.70477875128205
14.6275044628912 24.6784314450805 -13.1791315526392
12.8051955657657 21.8477631601711 6.85887790222981
14.7991609984815 25.249795116638 -7.7023577094335
14.5251895583818 24.7823549197891 -13.1838440404518
12.6862977779518 21.8905152646001 6.85824667705283
14.6630370724507 25.301426978778 -7.70061301227729
14.40639998515 24.8585934448858 -13.1846031419408
12.590907086926 21.9738454860141 6.85892284860991
14.5480869682747 25.3895460391337 -7.70199475278188
14.2845582069604 24.9296315752859 -13.1846928512377
12.4693906124967 22.0115527506917 6.8581682476029
14.4152541807822 25.4464823242381 -7.70080761866004
14.1548648653512 24.9868309001674 -13.1828739716839
12.3653197195737 22.0798671143604 6.85840080137129
14.2931404125753 25.5222386572821 -7.70125061392658
14.0398276324029 25.069916141454 -13.184872506513
12.2606859841848 22.1473421947433 6.85862289232362
14.1873636588893 25.6276360229757 -7.70421201717961
13.9104201600162 25.1273734401102 -13.1832730244761
12.1456396308969 22.1959592653947 6.85826869625896
14.0603923999583 25.6951388686882 -7.70405994402835
13.7881238923157 25.1975725907038 -13.1835903271249
12.0406739219826 22.2629556950569 6.85850734573993
13.9066949979807 25.7131898605335 -7.69986189380826
13.6749672742549 25.2847301181593 -13.1864103788851
11.9211287916352 22.3028632891433 6.85791663164751
13.7982284567321 25.8146697583534 -7.70263285692635
13.5225569730616 25.2989246875233 -13.178926677552
11.822168923858 22.3812974204576 6.85854511218124
13.6615463790333 25.8635394826296 -7.70110358144311
13.409985123281 25.3872929223988 -13.1820887491967
11.6962956595334 22.4086596165836 6.85760147656417
13.5451558342688 25.9508476340807 -7.70279404146534
13.2818032701483 25.4462966086695 -13.1811669134924
11.5976614089426 22.4881108845451 6.85829210541452
13.4131850899822 26.0084497195152 -7.70209079
13.1539249772114 25.5057388747724 -13.1803981945917
11.4852925777794 22.5411558719503 6.85818050426068
13.2814267891864 26.0662677445548 -7.70146002523002
13.0326479805325 25.5780118411436 -13.1815258038803
11.367170306434 22.5826888333414 6.85773080694683
13.1513819496081 26.1273085816548 -7.7011466647986
12.893677503563 25.6153377780932 -13.1778276780118
11.2573361287875 22.6405375986056 6.85780226469805
13.0096652521451 26.1647881805045 -7.69896807193607
12.8079005801393 25.7590029582851 -13.1891278760982
11.1424548140426 22.6881739762033 6.85757682289296
12.8897769428436 26.2460567867975 -7.70040733920206
12.6435344785099 25.7446599254803 -13.178383091006
11.03526727177 22.7514953086539 6.85784947019982
12.7595550157369 26.3064725966066 -7.70020154037329
12.5143722242905 25.8009773519536 -13.1776254038534
10.9143938305431 22.7864756763021 6.85727196784495
12.6258946467582 26.3596536579799 -7.69946321650572
12.3878771873136 25.8627337983546 -13.1777140871561
10.8045246165383 22.8442479594315 6.85740786154788
12.4900259063287 26.4079410201125 -7.69838497118343
12.2803248609733 25.9645654115161 -13.1834484476209
10.6921715625785 22.896823030831 6.85740220530994
12.367227212103 26.483882268469 -7.69958762783036
12.1333531413944 25.9830510596566 -13.1777068714097
10.5778213314195 22.9450682135661 6.85728297868773
12.2284779921953 26.5256193017357 -7.69809058396612
12.0265595729384 26.0876243916059 -13.1839663575278
10.4635327927554 22.9933527252827 6.85718129620413
12.1032474826523 26.5965849204099 -7.69899226719509
11.87623621455 26.0977333123085 -13.1772683550743
10.349508613542 23.0421445785943 6.8571120786929
11.9626491886847 26.6336405370979 -7.69723146831384
11.773114625789 26.21166081188 -13.1849596562311
10.2329309461642 23.0851223138337 6.85688398711901
11.8415213292139 26.7140440705547 -7.69898584245046
11.6391973333067 26.2576084494101 -13.1833783243961
10.1149077839815 23.1246005815547 6.85656956620424
11.7082088827929 26.767189550533 -7.69861513917539
11.5078321938592 26.3090903768773 -13.18264801555
10.0040342598411 23.1803695797574 6.85676095655938
11.5918374821069 26.8594718854941 -7.70140435436003
11.3419505034891 26.2804582228979 -13.1710645224388
9.88072655800646 23.2071163196598 6.85610045731584
11.4480045368803 26.8882223747094 -7.69919977854287
11.204748971337 26.3168817782637 -13.1684836984025
9.76822274255334 23.2589872916161 6.8562097697461
11.3043991759376 26.9167568862953 -7.69703854553351
11.0898614658234 26.4059239533624 -13.173157171409
9.64799697185621 23.2923251391898 6.8557826521997
11.1547881251892 26.9300407772301 -7.69373412723147
10.9835656448367 26.5166731429799 -13.1808443713178
9.53327968020208 23.338753646426 6.85576393237929
11.0360710531831 27.0177894884999 -7.69635751800841
10.8410064226402 26.5402449801996 -13.1767770373116
9.41250483659912 23.3701314976417 6.8553139241371
10.9041786398286 27.073780370948 -7.6965259535184
10.6987535866189 26.563734364092 -13.1728012950903
9.30086354288895 23.4240860125732 6.85555212100249
10.7644808658636 27.1101843952403 -7.69520871946071
10.5779357509175 26.6403733075309 -13.1760993535594
9.1769234884474 23.4468584162905 6.85488375605001
10.6241420592614 27.144473305422 -7.69378217910572
10.4552448721767 26.7129443254243 -13.1789231854183
9.05990580349681 23.4869226154549 6.85474540188497
10.4910815412592 27.1971062013557 -7.69384538461566
10.3080958341148 26.7227335934446 -13.1733837327558
8.94247977040013 23.5257817204454 6.85458877404001
10.3514842415147 27.2325758627474 -7.69262104798367
10.1815705987767 26.7855688386319 -13.1750685328985
8.82308800674524 23.5592408308224 6.85428989501685
10.2403332930519 27.343542085771 -7.69732875315706
10.0267178835908 26.7731503053849 -13.1667557325078
8.70700183955459 23.6013612178099 6.85426361447575
10.0882054537526 27.3452774377356 -7.69358369598335
9.9106809983061 26.8640763451903 -13.1723740363106
8.58511111734206 23.6274875734334 6.85378464503652
9.95079499600228 27.3860503259995 -7.69293084885294
9.77076326470628 26.8905765416908 -13.1694618792958
8.46923751859305 23.6699331902194 6.85380227191846
9.81837748861945 27.4405268103266 -7.69339232099234
9.62992959234665 26.9138502228744 -13.1662166349001
8.35286972466635 23.7110033653631 6.85379589578724
9.67796437905239 27.4725038849737 -7.69216444426632
9.50755616282334 26.9887719555075 -13.1699363772624
8.23204239179837 23.7392154683302 6.85343143862436
9.55154725176799 27.544347741888 -7.69406763599352
9.37183666846474 27.026105967134 -13.1687403173515
8.11021540197834 23.7641053640454 6.8529882535199
9.41599363635433 27.5902246476614 -7.69401548494723
9.22722702144052 27.0371111354195 -13.164145702364
7.99629654938788 23.8120577446189 6.85323351316179
9.27834660925354 27.6298563803323 -7.69353441806054
9.0934607906771 27.0792875312518 -13.1637763763106
7.8743507840209 23.8360000291848 6.85279752873285
9.1369646690834 27.6579868096405 -7.69222312013067
8.96676567149063 27.1427870905956 -13.1663107414312
7.75151814955287 23.856719796994 6.85228723448535
8.9971659076055 27.6904293950719 -7.69129764678389
8.82825200271281 27.1705658507836 -13.1642128336648
7.63642520997112 23.9010751049764 6.85247742193164
8.86092165842645 27.7335989332846 -7.69124703392188
8.70037560719573 27.2311094669748 -13.1665214984685
7.51906256134428 23.9384409828795 6.85248220760244
8.72474969133438 27.7769873401697 -7.6912643595436
8.56197698258486 27.2587678347149 -13.1645863656553
7.39424523509191 23.9516753794149 6.85180911080971
8.58905206100978 27.8219318187982 -7.69145139937451
8.42333547160399 27.2851373484723 -13.1625742357748
7.27450356418605 23.9808244404686 6.85161136282145
8.4443516101123 27.8372966194772 -7.6894357775887
8.29728187061892 27.3524726624639 -13.1660230817452
7.15597716692069 24.0138156755402 6.85154145355423
8.31483911096666 27.9026901742403 -7.69128236735913
8.14808310785545 27.3430953309233 -13.1595092603045
7.03598508565693 24.0417207053331 6.85134294594597
8.17348882360051 27.9285321234898 -7.69017067927484
8.01674352188577 27.3929387815737 -13.1608389978276
6.9147310645476 24.0649878231401 6.85102821880192
8.03306489502284 27.9570683337728 -7.68931755731081
7.89006478307497 27.4593922968294 -13.1644184130144
6.78916183141719 24.0725520423604 6.85028266341048
7.89173414923367 27.9819785901678 -7.68824324206983
7.74758773877236 27.4708739717019 -13.1609109710364
6.67140835434895 24.1073721330124 6.85033311014145
7.75543412826511 28.0245379465153 -7.68855773450035
7.60597595086116 27.484465489603 -13.1577739020797
6.55204493828595 24.1363422103089 6.85023409794609
7.61709067536364 28.059744540706 -7.68836701842162
7.46887966367991 27.5137666466242 -13.1567728617336
6.43117826926562 24.1595387095414 6.84998631725414
7.4759843578727 28.0844855987138 -7.68743838405654
7.33718276374225 27.5630597656955 -13.1584550400177
6.30956394028791 24.1795326956396 6.84966538972992
7.33847071226451 28.122512776231 -7.68756404257154
7.19891515814252 27.5877075003538 -13.1570246157727
6.18693380547211 24.1951039994302 6.84923587524145
7.19741981653622 28.1467890984434 -7.6867057758603
7.05936686476195 27.6069084999712 -13.1549788421247
6.06814569132895 24.2253955523054 6.84924254900081
7.06424479787539 28.2020460964522 -7.68822865635255
6.91153532204527 27.5923956950361 -13.1486655030203
5.94341876214768 24.2314958338618 6.84857904054674
6.91682976400284 28.200121565959 -7.68550713976093
6.77968661770383 27.640984861786 -13.150601752966
5.82205329414065 24.2505972475382 6.8483026287648
6.77576422966679 28.223089188018 -7.68470911922219
6.65022119426123 27.7001648115068 -13.1539851848671
5.69845302179639 24.2597655667875 6.84776156378458
6.63612831254228 28.2516880489515 -7.68438554521798
6.51290902883861 27.7271121816899 -13.153294305801
5.57749762063252 24.279599391052 6.84754004652879
6.48900759670552 28.2475252541007 -7.68166334621648
6.38153685509189 27.7796906210592 -13.155989121445
5.4534099805627 24.2851374560855 6.84693222587374
6.35564666390831 28.3029798613085 -7.68345201808302
6.22786146232377 27.733926517365 -13.1461235633043
5.33379516519338 24.3100635731304 6.84688819347067
6.21500771210784 28.3264032287523 -7.68289726512093
6.09627852004126 27.7852661738537 -13.1488330539455
5.20997236959589 24.3152904305578 6.84630663884484
6.06815280642145 28.3204760789521 -7.68020659099853
5.96917854795056 27.8585565774374 -13.1544379251127
5.09012358525855 24.3385200620161 6.84624961554193
5.93397677913285 28.3734197151377 -7.68195647834305
5.8173192625001 27.8156196418401 -13.1452255118997
4.96827464292984 24.3518577471494 6.84593030845286
5.79175882622133 28.3881421979455 -7.68091020539012
5.68433885623664 27.8616262510075 -13.1475020340913
4.84716913867542 24.3683648358765 6.84571737918812
5.65247400899978 28.4169058136595 -7.68096041018397
5.54898806125779 27.8966468216961 -13.1484550855004
4.72751562360257 24.3919798721346 6.84572021493944
5.51219330712302 28.4405846333726 -7.68068381577325
5.40784287312106 27.9021805563735 -13.1457253664855
4.60645982275857 24.4081866955693 6.8455322056467
5.36953930413393 28.4515056783916 -7.67951221789238
5.27356231704111 27.94295370799 -13.1475840564227
4.48799571290164 24.4381512481002 6.84574676904772
5.23065170317509 28.4820810057506 -7.67985020752997
5.1320310426381 27.9450692141702 -13.1445959993675
4.37010333442089 24.4717682837691 6.84607921345645
5.0878305634728 28.490907671611 -7.67862800908419
5.00105016849782 28.0049535522485 -13.1490585476156
4.25308922871002 24.511157185497 6.84658843794548
4.95176169795529 28.5377058408245 -7.68026794126072
4.85984667435431 28.0079865074082 -13.1463628636309
4.13296834854504 24.5332156056554 6.84662945273135
4.79596961091366 28.4687775419662 -7.67340144112974
4.73031672854995 28.0790633747313 -13.1524112736784
4.01760490326928 24.5844950708145 6.84750172789224
4.66101567861059 28.5216490259025 -7.67559303176645
4.59709463861174 28.1305039206448 -13.1560403934879
3.90065505917712 24.6277667881044 6.84816668544944
4.53604813099164 28.6394807576873 -7.68262597584761
4.4582099456855 28.1480297973112 -13.155443481746
3.78285656849527 24.6670878150034 6.84873701045386
4.40932215541446 28.75211757117 -7.68931578471608
4.3200149121739 28.1697667546264 -13.155467839696
3.66637249119946 24.7166756499438 6.84960849343509
4.2640460218016 28.7458633104745 -7.68728547327031
4.18516196024568 28.2140701639495 -13.1584392581704
3.55165247252632 24.7807833174301 6.85089837289758
4.11869343746082 28.7371724610315 -7.6851296972048
4.06405622867835 28.3559547483242 -13.1738552565611
3.4355282329112 24.8381196465458 6.85201578578063
3.98956420458377 28.8436788560629 -7.6915048799774
3.92561444161359 28.3813360207442 -13.1745862200699
3.31979943937452 24.9014595767603 6.85331493586217
3.8546079987971 28.9130012276848 -7.69518809858054
3.79507251926489 28.4664319803469 -13.1829578336632
3.20249827149461 24.9562094972372 6.85438993059147
3.71910868329964 28.9820157811054 -7.69889507699136
3.66009046205564 28.5221026231095 -13.1876847146192
3.07995667339563 24.9716289924971 6.85438993059147
3.5848462480174 29.06516551804 -7.70368683588148
3.53524689275067 28.6630245695368